nE = 1920; nC = 486;
n4e = 
1 2 11 92
1 2 83 92
1 10 11 92
1 10 91 92
1 82 91 92
1 82 83 92
82 83 92 173
82 83 164 173
82 91 92 173
82 91 172 173
82 163 172 173
82 163 164 173
163 164 173 254
163 164 245 254
163 172 173 254
163 172 253 254
163 244 253 254
163 244 245 254
244 245 254 335
244 245 326 335
244 253 254 335
244 253 334 335
244 325 334 335
244 325 326 335
325 326 335 416
325 326 407 416
325 334 335 416
325 334 415 416
325 406 415 416
325 406 407 416
10 11 20 101
10 11 92 101
10 19 20 101
10 19 100 101
10 91 100 101
10 91 92 101
91 92 101 182
91 92 173 182
91 100 101 182
91 100 181 182
91 172 181 182
91 172 173 182
172 173 182 263
172 173 254 263
172 181 182 263
172 181 262 263
172 253 262 263
172 253 254 263
253 254 263 344
253 254 335 344
253 262 263 344
253 262 343 344
253 334 343 344
253 334 335 344
334 335 344 425
334 335 416 425
334 343 344 425
334 343 424 425
334 415 424 425
334 415 416 425
19 20 29 110
19 20 101 110
19 28 29 110
19 28 109 110
19 100 109 110
19 100 101 110
100 101 110 191
100 101 182 191
100 109 110 191
100 109 190 191
100 181 190 191
100 181 182 191
181 182 191 272
181 182 263 272
181 190 191 272
181 190 271 272
181 262 271 272
181 262 263 272
262 263 272 353
262 263 344 353
262 271 272 353
262 271 352 353
262 343 352 353
262 343 344 353
343 344 353 434
343 344 425 434
343 352 353 434
343 352 433 434
343 424 433 434
343 424 425 434
28 29 38 119
28 29 110 119
28 37 38 119
28 37 118 119
28 109 118 119
28 109 110 119
109 110 119 200
109 110 191 200
109 118 119 200
109 118 199 200
109 190 199 200
109 190 191 200
190 191 200 281
190 191 272 281
190 199 200 281
190 199 280 281
190 271 280 281
190 271 272 281
271 272 281 362
271 272 353 362
271 280 281 362
271 280 361 362
271 352 361 362
271 352 353 362
352 353 362 443
352 353 434 443
352 361 362 443
352 361 442 443
352 433 442 443
352 433 434 443
37 38 47 128
37 38 119 128
37 46 47 128
37 46 127 128
37 118 127 128
37 118 119 128
118 119 128 209
118 119 200 209
118 127 128 209
118 127 208 209
118 199 208 209
118 199 200 209
199 200 209 290
199 200 281 290
199 208 209 290
199 208 289 290
199 280 289 290
199 280 281 290
280 281 290 371
280 281 362 371
280 289 290 371
280 289 370 371
280 361 370 371
280 361 362 371
361 362 371 452
361 362 443 452
361 370 371 452
361 370 451 452
361 442 451 452
361 442 443 452
46 47 56 137
46 47 128 137
46 55 56 137
46 55 136 137
46 127 136 137
46 127 128 137
127 128 137 218
127 128 209 218
127 136 137 218
127 136 217 218
127 208 217 218
127 208 209 218
208 209 218 299
208 209 290 299
208 217 218 299
208 217 298 299
208 289 298 299
208 289 290 299
289 290 299 380
289 290 371 380
289 298 299 380
289 298 379 380
289 370 379 380
289 370 371 380
370 371 380 461
370 371 452 461
370 379 380 461
370 379 460 461
370 451 460 461
370 451 452 461
55 56 65 146
55 56 137 146
55 64 65 146
55 64 145 146
55 136 145 146
55 136 137 146
136 137 146 227
136 137 218 227
136 145 146 227
136 145 226 227
136 217 226 227
136 217 218 227
217 218 227 308
217 218 299 308
217 226 227 308
217 226 307 308
217 298 307 308
217 298 299 308
298 299 308 389
298 299 380 389
298 307 308 389
298 307 388 389
298 379 388 389
298 379 380 389
379 380 389 470
379 380 461 470
379 388 389 470
379 388 469 470
379 460 469 470
379 460 461 470
64 65 74 155
64 65 146 155
64 73 74 155
64 73 154 155
64 145 154 155
64 145 146 155
145 146 155 236
145 146 227 236
145 154 155 236
145 154 235 236
145 226 235 236
145 226 227 236
226 227 236 317
226 227 308 317
226 235 236 317
226 235 316 317
226 307 316 317
226 307 308 317
307 308 317 398
307 308 389 398
307 316 317 398
307 316 397 398
307 388 397 398
307 388 389 398
388 389 398 479
388 389 470 479
388 397 398 479
388 397 478 479
388 469 478 479
388 469 470 479
2 3 12 93
2 3 84 93
2 11 12 93
2 11 92 93
2 83 92 93
2 83 84 93
83 84 93 174
83 84 165 174
83 92 93 174
83 92 173 174
83 164 173 174
83 164 165 174
164 165 174 255
164 165 246 255
164 173 174 255
164 173 254 255
164 245 254 255
164 245 246 255
245 246 255 336
245 246 327 336
245 254 255 336
245 254 335 336
245 326 335 336
245 326 327 336
326 327 336 417
326 327 408 417
326 335 336 417
326 335 416 417
326 407 416 417
326 407 408 417
11 12 21 102
11 12 93 102
11 20 21 102
11 20 101 102
11 92 101 102
11 92 93 102
92 93 102 183
92 93 174 183
92 101 102 183
92 101 182 183
92 173 182 183
92 173 174 183
173 174 183 264
173 174 255 264
173 182 183 264
173 182 263 264
173 254 263 264
173 254 255 264
254 255 264 345
254 255 336 345
254 263 264 345
254 263 344 345
254 335 344 345
254 335 336 345
335 336 345 426
335 336 417 426
335 344 345 426
335 344 425 426
335 416 425 426
335 416 417 426
20 21 30 111
20 21 102 111
20 29 30 111
20 29 110 111
20 101 110 111
20 101 102 111
101 102 111 192
101 102 183 192
101 110 111 192
101 110 191 192
101 182 191 192
101 182 183 192
182 183 192 273
182 183 264 273
182 191 192 273
182 191 272 273
182 263 272 273
182 263 264 273
263 264 273 354
263 264 345 354
263 272 273 354
263 272 353 354
263 344 353 354
263 344 345 354
344 345 354 435
344 345 426 435
344 353 354 435
344 353 434 435
344 425 434 435
344 425 426 435
29 30 39 120
29 30 111 120
29 38 39 120
29 38 119 120
29 110 119 120
29 110 111 120
110 111 120 201
110 111 192 201
110 119 120 201
110 119 200 201
110 191 200 201
110 191 192 201
191 192 201 282
191 192 273 282
191 200 201 282
191 200 281 282
191 272 281 282
191 272 273 282
272 273 282 363
272 273 354 363
272 281 282 363
272 281 362 363
272 353 362 363
272 353 354 363
353 354 363 444
353 354 435 444
353 362 363 444
353 362 443 444
353 434 443 444
353 434 435 444
38 39 48 129
38 39 120 129
38 47 48 129
38 47 128 129
38 119 128 129
38 119 120 129
119 120 129 210
119 120 201 210
119 128 129 210
119 128 209 210
119 200 209 210
119 200 201 210
200 201 210 291
200 201 282 291
200 209 210 291
200 209 290 291
200 281 290 291
200 281 282 291
281 282 291 372
281 282 363 372
281 290 291 372
281 290 371 372
281 362 371 372
281 362 363 372
362 363 372 453
362 363 444 453
362 371 372 453
362 371 452 453
362 443 452 453
362 443 444 453
47 48 57 138
47 48 129 138
47 56 57 138
47 56 137 138
47 128 137 138
47 128 129 138
128 129 138 219
128 129 210 219
128 137 138 219
128 137 218 219
128 209 218 219
128 209 210 219
209 210 219 300
209 210 291 300
209 218 219 300
209 218 299 300
209 290 299 300
209 290 291 300
290 291 300 381
290 291 372 381
290 299 300 381
290 299 380 381
290 371 380 381
290 371 372 381
371 372 381 462
371 372 453 462
371 380 381 462
371 380 461 462
371 452 461 462
371 452 453 462
56 57 66 147
56 57 138 147
56 65 66 147
56 65 146 147
56 137 146 147
56 137 138 147
137 138 147 228
137 138 219 228
137 146 147 228
137 146 227 228
137 218 227 228
137 218 219 228
218 219 228 309
218 219 300 309
218 227 228 309
218 227 308 309
218 299 308 309
218 299 300 309
299 300 309 390
299 300 381 390
299 308 309 390
299 308 389 390
299 380 389 390
299 380 381 390
380 381 390 471
380 381 462 471
380 389 390 471
380 389 470 471
380 461 470 471
380 461 462 471
65 66 75 156
65 66 147 156
65 74 75 156
65 74 155 156
65 146 155 156
65 146 147 156
146 147 156 237
146 147 228 237
146 155 156 237
146 155 236 237
146 227 236 237
146 227 228 237
227 228 237 318
227 228 309 318
227 236 237 318
227 236 317 318
227 308 317 318
227 308 309 318
308 309 318 399
308 309 390 399
308 317 318 399
308 317 398 399
308 389 398 399
308 389 390 399
389 390 399 480
389 390 471 480
389 398 399 480
389 398 479 480
389 470 479 480
389 470 471 480
3 4 13 94
3 4 85 94
3 12 13 94
3 12 93 94
3 84 93 94
3 84 85 94
84 85 94 175
84 85 166 175
84 93 94 175
84 93 174 175
84 165 174 175
84 165 166 175
165 166 175 256
165 166 247 256
165 174 175 256
165 174 255 256
165 246 255 256
165 246 247 256
246 247 256 337
246 247 328 337
246 255 256 337
246 255 336 337
246 327 336 337
246 327 328 337
327 328 337 418
327 328 409 418
327 336 337 418
327 336 417 418
327 408 417 418
327 408 409 418
12 13 22 103
12 13 94 103
12 21 22 103
12 21 102 103
12 93 102 103
12 93 94 103
93 94 103 184
93 94 175 184
93 102 103 184
93 102 183 184
93 174 183 184
93 174 175 184
174 175 184 265
174 175 256 265
174 183 184 265
174 183 264 265
174 255 264 265
174 255 256 265
255 256 265 346
255 256 337 346
255 264 265 346
255 264 345 346
255 336 345 346
255 336 337 346
336 337 346 427
336 337 418 427
336 345 346 427
336 345 426 427
336 417 426 427
336 417 418 427
21 22 31 112
21 22 103 112
21 30 31 112
21 30 111 112
21 102 111 112
21 102 103 112
102 103 112 193
102 103 184 193
102 111 112 193
102 111 192 193
102 183 192 193
102 183 184 193
183 184 193 274
183 184 265 274
183 192 193 274
183 192 273 274
183 264 273 274
183 264 265 274
264 265 274 355
264 265 346 355
264 273 274 355
264 273 354 355
264 345 354 355
264 345 346 355
345 346 355 436
345 346 427 436
345 354 355 436
345 354 435 436
345 426 435 436
345 426 427 436
30 31 40 121
30 31 112 121
30 39 40 121
30 39 120 121
30 111 120 121
30 111 112 121
111 112 121 202
111 112 193 202
111 120 121 202
111 120 201 202
111 192 201 202
111 192 193 202
192 193 202 283
192 193 274 283
192 201 202 283
192 201 282 283
192 273 282 283
192 273 274 283
273 274 283 364
273 274 355 364
273 282 283 364
273 282 363 364
273 354 363 364
273 354 355 364
354 355 364 445
354 355 436 445
354 363 364 445
354 363 444 445
354 435 444 445
354 435 436 445
39 40 49 130
39 40 121 130
39 48 49 130
39 48 129 130
39 120 129 130
39 120 121 130
120 121 130 211
120 121 202 211
120 129 130 211
120 129 210 211
120 201 210 211
120 201 202 211
201 202 211 292
201 202 283 292
201 210 211 292
201 210 291 292
201 282 291 292
201 282 283 292
282 283 292 373
282 283 364 373
282 291 292 373
282 291 372 373
282 363 372 373
282 363 364 373
363 364 373 454
363 364 445 454
363 372 373 454
363 372 453 454
363 444 453 454
363 444 445 454
48 49 58 139
48 49 130 139
48 57 58 139
48 57 138 139
48 129 138 139
48 129 130 139
129 130 139 220
129 130 211 220
129 138 139 220
129 138 219 220
129 210 219 220
129 210 211 220
210 211 220 301
210 211 292 301
210 219 220 301
210 219 300 301
210 291 300 301
210 291 292 301
291 292 301 382
291 292 373 382
291 300 301 382
291 300 381 382
291 372 381 382
291 372 373 382
372 373 382 463
372 373 454 463
372 381 382 463
372 381 462 463
372 453 462 463
372 453 454 463
57 58 67 148
57 58 139 148
57 66 67 148
57 66 147 148
57 138 147 148
57 138 139 148
138 139 148 229
138 139 220 229
138 147 148 229
138 147 228 229
138 219 228 229
138 219 220 229
219 220 229 310
219 220 301 310
219 228 229 310
219 228 309 310
219 300 309 310
219 300 301 310
300 301 310 391
300 301 382 391
300 309 310 391
300 309 390 391
300 381 390 391
300 381 382 391
381 382 391 472
381 382 463 472
381 390 391 472
381 390 471 472
381 462 471 472
381 462 463 472
66 67 76 157
66 67 148 157
66 75 76 157
66 75 156 157
66 147 156 157
66 147 148 157
147 148 157 238
147 148 229 238
147 156 157 238
147 156 237 238
147 228 237 238
147 228 229 238
228 229 238 319
228 229 310 319
228 237 238 319
228 237 318 319
228 309 318 319
228 309 310 319
309 310 319 400
309 310 391 400
309 318 319 400
309 318 399 400
309 390 399 400
309 390 391 400
390 391 400 481
390 391 472 481
390 399 400 481
390 399 480 481
390 471 480 481
390 471 472 481
4 5 14 95
4 5 86 95
4 13 14 95
4 13 94 95
4 85 94 95
4 85 86 95
85 86 95 176
85 86 167 176
85 94 95 176
85 94 175 176
85 166 175 176
85 166 167 176
166 167 176 257
166 167 248 257
166 175 176 257
166 175 256 257
166 247 256 257
166 247 248 257
247 248 257 338
247 248 329 338
247 256 257 338
247 256 337 338
247 328 337 338
247 328 329 338
328 329 338 419
328 329 410 419
328 337 338 419
328 337 418 419
328 409 418 419
328 409 410 419
13 14 23 104
13 14 95 104
13 22 23 104
13 22 103 104
13 94 103 104
13 94 95 104
94 95 104 185
94 95 176 185
94 103 104 185
94 103 184 185
94 175 184 185
94 175 176 185
175 176 185 266
175 176 257 266
175 184 185 266
175 184 265 266
175 256 265 266
175 256 257 266
256 257 266 347
256 257 338 347
256 265 266 347
256 265 346 347
256 337 346 347
256 337 338 347
337 338 347 428
337 338 419 428
337 346 347 428
337 346 427 428
337 418 427 428
337 418 419 428
22 23 32 113
22 23 104 113
22 31 32 113
22 31 112 113
22 103 112 113
22 103 104 113
103 104 113 194
103 104 185 194
103 112 113 194
103 112 193 194
103 184 193 194
103 184 185 194
184 185 194 275
184 185 266 275
184 193 194 275
184 193 274 275
184 265 274 275
184 265 266 275
265 266 275 356
265 266 347 356
265 274 275 356
265 274 355 356
265 346 355 356
265 346 347 356
346 347 356 437
346 347 428 437
346 355 356 437
346 355 436 437
346 427 436 437
346 427 428 437
31 32 41 122
31 32 113 122
31 40 41 122
31 40 121 122
31 112 121 122
31 112 113 122
112 113 122 203
112 113 194 203
112 121 122 203
112 121 202 203
112 193 202 203
112 193 194 203
193 194 203 284
193 194 275 284
193 202 203 284
193 202 283 284
193 274 283 284
193 274 275 284
274 275 284 365
274 275 356 365
274 283 284 365
274 283 364 365
274 355 364 365
274 355 356 365
355 356 365 446
355 356 437 446
355 364 365 446
355 364 445 446
355 436 445 446
355 436 437 446
40 41 50 131
40 41 122 131
40 49 50 131
40 49 130 131
40 121 130 131
40 121 122 131
121 122 131 212
121 122 203 212
121 130 131 212
121 130 211 212
121 202 211 212
121 202 203 212
202 203 212 293
202 203 284 293
202 211 212 293
202 211 292 293
202 283 292 293
202 283 284 293
283 284 293 374
283 284 365 374
283 292 293 374
283 292 373 374
283 364 373 374
283 364 365 374
364 365 374 455
364 365 446 455
364 373 374 455
364 373 454 455
364 445 454 455
364 445 446 455
49 50 59 140
49 50 131 140
49 58 59 140
49 58 139 140
49 130 139 140
49 130 131 140
130 131 140 221
130 131 212 221
130 139 140 221
130 139 220 221
130 211 220 221
130 211 212 221
211 212 221 302
211 212 293 302
211 220 221 302
211 220 301 302
211 292 301 302
211 292 293 302
292 293 302 383
292 293 374 383
292 301 302 383
292 301 382 383
292 373 382 383
292 373 374 383
373 374 383 464
373 374 455 464
373 382 383 464
373 382 463 464
373 454 463 464
373 454 455 464
58 59 68 149
58 59 140 149
58 67 68 149
58 67 148 149
58 139 148 149
58 139 140 149
139 140 149 230
139 140 221 230
139 148 149 230
139 148 229 230
139 220 229 230
139 220 221 230
220 221 230 311
220 221 302 311
220 229 230 311
220 229 310 311
220 301 310 311
220 301 302 311
301 302 311 392
301 302 383 392
301 310 311 392
301 310 391 392
301 382 391 392
301 382 383 392
382 383 392 473
382 383 464 473
382 391 392 473
382 391 472 473
382 463 472 473
382 463 464 473
67 68 77 158
67 68 149 158
67 76 77 158
67 76 157 158
67 148 157 158
67 148 149 158
148 149 158 239
148 149 230 239
148 157 158 239
148 157 238 239
148 229 238 239
148 229 230 239
229 230 239 320
229 230 311 320
229 238 239 320
229 238 319 320
229 310 319 320
229 310 311 320
310 311 320 401
310 311 392 401
310 319 320 401
310 319 400 401
310 391 400 401
310 391 392 401
391 392 401 482
391 392 473 482
391 400 401 482
391 400 481 482
391 472 481 482
391 472 473 482
5 6 15 96
5 6 87 96
5 14 15 96
5 14 95 96
5 86 95 96
5 86 87 96
86 87 96 177
86 87 168 177
86 95 96 177
86 95 176 177
86 167 176 177
86 167 168 177
167 168 177 258
167 168 249 258
167 176 177 258
167 176 257 258
167 248 257 258
167 248 249 258
248 249 258 339
248 249 330 339
248 257 258 339
248 257 338 339
248 329 338 339
248 329 330 339
329 330 339 420
329 330 411 420
329 338 339 420
329 338 419 420
329 410 419 420
329 410 411 420
14 15 24 105
14 15 96 105
14 23 24 105
14 23 104 105
14 95 104 105
14 95 96 105
95 96 105 186
95 96 177 186
95 104 105 186
95 104 185 186
95 176 185 186
95 176 177 186
176 177 186 267
176 177 258 267
176 185 186 267
176 185 266 267
176 257 266 267
176 257 258 267
257 258 267 348
257 258 339 348
257 266 267 348
257 266 347 348
257 338 347 348
257 338 339 348
338 339 348 429
338 339 420 429
338 347 348 429
338 347 428 429
338 419 428 429
338 419 420 429
23 24 33 114
23 24 105 114
23 32 33 114
23 32 113 114
23 104 113 114
23 104 105 114
104 105 114 195
104 105 186 195
104 113 114 195
104 113 194 195
104 185 194 195
104 185 186 195
185 186 195 276
185 186 267 276
185 194 195 276
185 194 275 276
185 266 275 276
185 266 267 276
266 267 276 357
266 267 348 357
266 275 276 357
266 275 356 357
266 347 356 357
266 347 348 357
347 348 357 438
347 348 429 438
347 356 357 438
347 356 437 438
347 428 437 438
347 428 429 438
32 33 42 123
32 33 114 123
32 41 42 123
32 41 122 123
32 113 122 123
32 113 114 123
113 114 123 204
113 114 195 204
113 122 123 204
113 122 203 204
113 194 203 204
113 194 195 204
194 195 204 285
194 195 276 285
194 203 204 285
194 203 284 285
194 275 284 285
194 275 276 285
275 276 285 366
275 276 357 366
275 284 285 366
275 284 365 366
275 356 365 366
275 356 357 366
356 357 366 447
356 357 438 447
356 365 366 447
356 365 446 447
356 437 446 447
356 437 438 447
41 42 51 132
41 42 123 132
41 50 51 132
41 50 131 132
41 122 131 132
41 122 123 132
122 123 132 213
122 123 204 213
122 131 132 213
122 131 212 213
122 203 212 213
122 203 204 213
203 204 213 294
203 204 285 294
203 212 213 294
203 212 293 294
203 284 293 294
203 284 285 294
284 285 294 375
284 285 366 375
284 293 294 375
284 293 374 375
284 365 374 375
284 365 366 375
365 366 375 456
365 366 447 456
365 374 375 456
365 374 455 456
365 446 455 456
365 446 447 456
50 51 60 141
50 51 132 141
50 59 60 141
50 59 140 141
50 131 140 141
50 131 132 141
131 132 141 222
131 132 213 222
131 140 141 222
131 140 221 222
131 212 221 222
131 212 213 222
212 213 222 303
212 213 294 303
212 221 222 303
212 221 302 303
212 293 302 303
212 293 294 303
293 294 303 384
293 294 375 384
293 302 303 384
293 302 383 384
293 374 383 384
293 374 375 384
374 375 384 465
374 375 456 465
374 383 384 465
374 383 464 465
374 455 464 465
374 455 456 465
59 60 69 150
59 60 141 150
59 68 69 150
59 68 149 150
59 140 149 150
59 140 141 150
140 141 150 231
140 141 222 231
140 149 150 231
140 149 230 231
140 221 230 231
140 221 222 231
221 222 231 312
221 222 303 312
221 230 231 312
221 230 311 312
221 302 311 312
221 302 303 312
302 303 312 393
302 303 384 393
302 311 312 393
302 311 392 393
302 383 392 393
302 383 384 393
383 384 393 474
383 384 465 474
383 392 393 474
383 392 473 474
383 464 473 474
383 464 465 474
68 69 78 159
68 69 150 159
68 77 78 159
68 77 158 159
68 149 158 159
68 149 150 159
149 150 159 240
149 150 231 240
149 158 159 240
149 158 239 240
149 230 239 240
149 230 231 240
230 231 240 321
230 231 312 321
230 239 240 321
230 239 320 321
230 311 320 321
230 311 312 321
311 312 321 402
311 312 393 402
311 320 321 402
311 320 401 402
311 392 401 402
311 392 393 402
392 393 402 483
392 393 474 483
392 401 402 483
392 401 482 483
392 473 482 483
392 473 474 483
6 7 16 97
6 7 88 97
6 15 16 97
6 15 96 97
6 87 96 97
6 87 88 97
87 88 97 178
87 88 169 178
87 96 97 178
87 96 177 178
87 168 177 178
87 168 169 178
168 169 178 259
168 169 250 259
168 177 178 259
168 177 258 259
168 249 258 259
168 249 250 259
249 250 259 340
249 250 331 340
249 258 259 340
249 258 339 340
249 330 339 340
249 330 331 340
330 331 340 421
330 331 412 421
330 339 340 421
330 339 420 421
330 411 420 421
330 411 412 421
15 16 25 106
15 16 97 106
15 24 25 106
15 24 105 106
15 96 105 106
15 96 97 106
96 97 106 187
96 97 178 187
96 105 106 187
96 105 186 187
96 177 186 187
96 177 178 187
177 178 187 268
177 178 259 268
177 186 187 268
177 186 267 268
177 258 267 268
177 258 259 268
258 259 268 349
258 259 340 349
258 267 268 349
258 267 348 349
258 339 348 349
258 339 340 349
339 340 349 430
339 340 421 430
339 348 349 430
339 348 429 430
339 420 429 430
339 420 421 430
24 25 34 115
24 25 106 115
24 33 34 115
24 33 114 115
24 105 114 115
24 105 106 115
105 106 115 196
105 106 187 196
105 114 115 196
105 114 195 196
105 186 195 196
105 186 187 196
186 187 196 277
186 187 268 277
186 195 196 277
186 195 276 277
186 267 276 277
186 267 268 277
267 268 277 358
267 268 349 358
267 276 277 358
267 276 357 358
267 348 357 358
267 348 349 358
348 349 358 439
348 349 430 439
348 357 358 439
348 357 438 439
348 429 438 439
348 429 430 439
33 34 43 124
33 34 115 124
33 42 43 124
33 42 123 124
33 114 123 124
33 114 115 124
114 115 124 205
114 115 196 205
114 123 124 205
114 123 204 205
114 195 204 205
114 195 196 205
195 196 205 286
195 196 277 286
195 204 205 286
195 204 285 286
195 276 285 286
195 276 277 286
276 277 286 367
276 277 358 367
276 285 286 367
276 285 366 367
276 357 366 367
276 357 358 367
357 358 367 448
357 358 439 448
357 366 367 448
357 366 447 448
357 438 447 448
357 438 439 448
42 43 52 133
42 43 124 133
42 51 52 133
42 51 132 133
42 123 132 133
42 123 124 133
123 124 133 214
123 124 205 214
123 132 133 214
123 132 213 214
123 204 213 214
123 204 205 214
204 205 214 295
204 205 286 295
204 213 214 295
204 213 294 295
204 285 294 295
204 285 286 295
285 286 295 376
285 286 367 376
285 294 295 376
285 294 375 376
285 366 375 376
285 366 367 376
366 367 376 457
366 367 448 457
366 375 376 457
366 375 456 457
366 447 456 457
366 447 448 457
51 52 61 142
51 52 133 142
51 60 61 142
51 60 141 142
51 132 141 142
51 132 133 142
132 133 142 223
132 133 214 223
132 141 142 223
132 141 222 223
132 213 222 223
132 213 214 223
213 214 223 304
213 214 295 304
213 222 223 304
213 222 303 304
213 294 303 304
213 294 295 304
294 295 304 385
294 295 376 385
294 303 304 385
294 303 384 385
294 375 384 385
294 375 376 385
375 376 385 466
375 376 457 466
375 384 385 466
375 384 465 466
375 456 465 466
375 456 457 466
60 61 70 151
60 61 142 151
60 69 70 151
60 69 150 151
60 141 150 151
60 141 142 151
141 142 151 232
141 142 223 232
141 150 151 232
141 150 231 232
141 222 231 232
141 222 223 232
222 223 232 313
222 223 304 313
222 231 232 313
222 231 312 313
222 303 312 313
222 303 304 313
303 304 313 394
303 304 385 394
303 312 313 394
303 312 393 394
303 384 393 394
303 384 385 394
384 385 394 475
384 385 466 475
384 393 394 475
384 393 474 475
384 465 474 475
384 465 466 475
69 70 79 160
69 70 151 160
69 78 79 160
69 78 159 160
69 150 159 160
69 150 151 160
150 151 160 241
150 151 232 241
150 159 160 241
150 159 240 241
150 231 240 241
150 231 232 241
231 232 241 322
231 232 313 322
231 240 241 322
231 240 321 322
231 312 321 322
231 312 313 322
312 313 322 403
312 313 394 403
312 321 322 403
312 321 402 403
312 393 402 403
312 393 394 403
393 394 403 484
393 394 475 484
393 402 403 484
393 402 483 484
393 474 483 484
393 474 475 484
7 8 17 98
7 8 89 98
7 16 17 98
7 16 97 98
7 88 97 98
7 88 89 98
88 89 98 179
88 89 170 179
88 97 98 179
88 97 178 179
88 169 178 179
88 169 170 179
169 170 179 260
169 170 251 260
169 178 179 260
169 178 259 260
169 250 259 260
169 250 251 260
250 251 260 341
250 251 332 341
250 259 260 341
250 259 340 341
250 331 340 341
250 331 332 341
331 332 341 422
331 332 413 422
331 340 341 422
331 340 421 422
331 412 421 422
331 412 413 422
16 17 26 107
16 17 98 107
16 25 26 107
16 25 106 107
16 97 106 107
16 97 98 107
97 98 107 188
97 98 179 188
97 106 107 188
97 106 187 188
97 178 187 188
97 178 179 188
178 179 188 269
178 179 260 269
178 187 188 269
178 187 268 269
178 259 268 269
178 259 260 269
259 260 269 350
259 260 341 350
259 268 269 350
259 268 349 350
259 340 349 350
259 340 341 350
340 341 350 431
340 341 422 431
340 349 350 431
340 349 430 431
340 421 430 431
340 421 422 431
25 26 35 116
25 26 107 116
25 34 35 116
25 34 115 116
25 106 115 116
25 106 107 116
106 107 116 197
106 107 188 197
106 115 116 197
106 115 196 197
106 187 196 197
106 187 188 197
187 188 197 278
187 188 269 278
187 196 197 278
187 196 277 278
187 268 277 278
187 268 269 278
268 269 278 359
268 269 350 359
268 277 278 359
268 277 358 359
268 349 358 359
268 349 350 359
349 350 359 440
349 350 431 440
349 358 359 440
349 358 439 440
349 430 439 440
349 430 431 440
34 35 44 125
34 35 116 125
34 43 44 125
34 43 124 125
34 115 124 125
34 115 116 125
115 116 125 206
115 116 197 206
115 124 125 206
115 124 205 206
115 196 205 206
115 196 197 206
196 197 206 287
196 197 278 287
196 205 206 287
196 205 286 287
196 277 286 287
196 277 278 287
277 278 287 368
277 278 359 368
277 286 287 368
277 286 367 368
277 358 367 368
277 358 359 368
358 359 368 449
358 359 440 449
358 367 368 449
358 367 448 449
358 439 448 449
358 439 440 449
43 44 53 134
43 44 125 134
43 52 53 134
43 52 133 134
43 124 133 134
43 124 125 134
124 125 134 215
124 125 206 215
124 133 134 215
124 133 214 215
124 205 214 215
124 205 206 215
205 206 215 296
205 206 287 296
205 214 215 296
205 214 295 296
205 286 295 296
205 286 287 296
286 287 296 377
286 287 368 377
286 295 296 377
286 295 376 377
286 367 376 377
286 367 368 377
367 368 377 458
367 368 449 458
367 376 377 458
367 376 457 458
367 448 457 458
367 448 449 458
52 53 62 143
52 53 134 143
52 61 62 143
52 61 142 143
52 133 142 143
52 133 134 143
133 134 143 224
133 134 215 224
133 142 143 224
133 142 223 224
133 214 223 224
133 214 215 224
214 215 224 305
214 215 296 305
214 223 224 305
214 223 304 305
214 295 304 305
214 295 296 305
295 296 305 386
295 296 377 386
295 304 305 386
295 304 385 386
295 376 385 386
295 376 377 386
376 377 386 467
376 377 458 467
376 385 386 467
376 385 466 467
376 457 466 467
376 457 458 467
61 62 71 152
61 62 143 152
61 70 71 152
61 70 151 152
61 142 151 152
61 142 143 152
142 143 152 233
142 143 224 233
142 151 152 233
142 151 232 233
142 223 232 233
142 223 224 233
223 224 233 314
223 224 305 314
223 232 233 314
223 232 313 314
223 304 313 314
223 304 305 314
304 305 314 395
304 305 386 395
304 313 314 395
304 313 394 395
304 385 394 395
304 385 386 395
385 386 395 476
385 386 467 476
385 394 395 476
385 394 475 476
385 466 475 476
385 466 467 476
70 71 80 161
70 71 152 161
70 79 80 161
70 79 160 161
70 151 160 161
70 151 152 161
151 152 161 242
151 152 233 242
151 160 161 242
151 160 241 242
151 232 241 242
151 232 233 242
232 233 242 323
232 233 314 323
232 241 242 323
232 241 322 323
232 313 322 323
232 313 314 323
313 314 323 404
313 314 395 404
313 322 323 404
313 322 403 404
313 394 403 404
313 394 395 404
394 395 404 485
394 395 476 485
394 403 404 485
394 403 484 485
394 475 484 485
394 475 476 485
8 9 18 99
8 9 90 99
8 17 18 99
8 17 98 99
8 89 98 99
8 89 90 99
89 90 99 180
89 90 171 180
89 98 99 180
89 98 179 180
89 170 179 180
89 170 171 180
170 171 180 261
170 171 252 261
170 179 180 261
170 179 260 261
170 251 260 261
170 251 252 261
251 252 261 342
251 252 333 342
251 260 261 342
251 260 341 342
251 332 341 342
251 332 333 342
332 333 342 423
332 333 414 423
332 341 342 423
332 341 422 423
332 413 422 423
332 413 414 423
17 18 27 108
17 18 99 108
17 26 27 108
17 26 107 108
17 98 107 108
17 98 99 108
98 99 108 189
98 99 180 189
98 107 108 189
98 107 188 189
98 179 188 189
98 179 180 189
179 180 189 270
179 180 261 270
179 188 189 270
179 188 269 270
179 260 269 270
179 260 261 270
260 261 270 351
260 261 342 351
260 269 270 351
260 269 350 351
260 341 350 351
260 341 342 351
341 342 351 432
341 342 423 432
341 350 351 432
341 350 431 432
341 422 431 432
341 422 423 432
26 27 36 117
26 27 108 117
26 35 36 117
26 35 116 117
26 107 116 117
26 107 108 117
107 108 117 198
107 108 189 198
107 116 117 198
107 116 197 198
107 188 197 198
107 188 189 198
188 189 198 279
188 189 270 279
188 197 198 279
188 197 278 279
188 269 278 279
188 269 270 279
269 270 279 360
269 270 351 360
269 278 279 360
269 278 359 360
269 350 359 360
269 350 351 360
350 351 360 441
350 351 432 441
350 359 360 441
350 359 440 441
350 431 440 441
350 431 432 441
35 36 45 126
35 36 117 126
35 44 45 126
35 44 125 126
35 116 125 126
35 116 117 126
116 117 126 207
116 117 198 207
116 125 126 207
116 125 206 207
116 197 206 207
116 197 198 207
197 198 207 288
197 198 279 288
197 206 207 288
197 206 287 288
197 278 287 288
197 278 279 288
278 279 288 369
278 279 360 369
278 287 288 369
278 287 368 369
278 359 368 369
278 359 360 369
359 360 369 450
359 360 441 450
359 368 369 450
359 368 449 450
359 440 449 450
359 440 441 450
44 45 54 135
44 45 126 135
44 53 54 135
44 53 134 135
44 125 134 135
44 125 126 135
125 126 135 216
125 126 207 216
125 134 135 216
125 134 215 216
125 206 215 216
125 206 207 216
206 207 216 297
206 207 288 297
206 215 216 297
206 215 296 297
206 287 296 297
206 287 288 297
287 288 297 378
287 288 369 378
287 296 297 378
287 296 377 378
287 368 377 378
287 368 369 378
368 369 378 459
368 369 450 459
368 377 378 459
368 377 458 459
368 449 458 459
368 449 450 459
53 54 63 144
53 54 135 144
53 62 63 144
53 62 143 144
53 134 143 144
53 134 135 144
134 135 144 225
134 135 216 225
134 143 144 225
134 143 224 225
134 215 224 225
134 215 216 225
215 216 225 306
215 216 297 306
215 224 225 306
215 224 305 306
215 296 305 306
215 296 297 306
296 297 306 387
296 297 378 387
296 305 306 387
296 305 386 387
296 377 386 387
296 377 378 387
377 378 387 468
377 378 459 468
377 386 387 468
377 386 467 468
377 458 467 468
377 458 459 468
62 63 72 153
62 63 144 153
62 71 72 153
62 71 152 153
62 143 152 153
62 143 144 153
143 144 153 234
143 144 225 234
143 152 153 234
143 152 233 234
143 224 233 234
143 224 225 234
224 225 234 315
224 225 306 315
224 233 234 315
224 233 314 315
224 305 314 315
224 305 306 315
305 306 315 396
305 306 387 396
305 314 315 396
305 314 395 396
305 386 395 396
305 386 387 396
386 387 396 477
386 387 468 477
386 395 396 477
386 395 476 477
386 467 476 477
386 467 468 477
71 72 81 162
71 72 153 162
71 80 81 162
71 80 161 162
71 152 161 162
71 152 153 162
152 153 162 243
152 153 234 243
152 161 162 243
152 161 242 243
152 233 242 243
152 233 234 243
233 234 243 324
233 234 315 324
233 242 243 324
233 242 323 324
233 314 323 324
233 314 315 324
314 315 324 405
314 315 396 405
314 323 324 405
314 323 404 405
314 395 404 405
314 395 396 405
395 396 405 486
395 396 477 486
395 404 405 486
395 404 485 486
395 476 485 486
395 476 477 486
c4n = 
0.000000000 0.000000000 0.000000000
0.000000000 0.000000000 1.000000000
0.000000000 0.000000000 2.000000000
0.000000000 0.000000000 3.000000000
0.000000000 0.000000000 4.000000000
0.000000000 0.000000000 5.000000000
0.000000000 0.000000000 6.000000000
0.000000000 0.000000000 7.000000000
0.000000000 0.000000000 8.000000000
0.000000000 1.000000000 0.000000000
0.000000000 1.000000000 1.000000000
0.000000000 1.000000000 2.000000000
0.000000000 1.000000000 3.000000000
0.000000000 1.000000000 4.000000000
0.000000000 1.000000000 5.000000000
0.000000000 1.000000000 6.000000000
0.000000000 1.000000000 7.000000000
0.000000000 1.000000000 8.000000000
0.000000000 2.000000000 0.000000000
0.000000000 2.000000000 1.000000000
0.000000000 2.000000000 2.000000000
0.000000000 2.000000000 3.000000000
0.000000000 2.000000000 4.000000000
0.000000000 2.000000000 5.000000000
0.000000000 2.000000000 6.000000000
0.000000000 2.000000000 7.000000000
0.000000000 2.000000000 8.000000000
0.000000000 3.000000000 0.000000000
0.000000000 3.000000000 1.000000000
0.000000000 3.000000000 2.000000000
0.000000000 3.000000000 3.000000000
0.000000000 3.000000000 4.000000000
0.000000000 3.000000000 5.000000000
0.000000000 3.000000000 6.000000000
0.000000000 3.000000000 7.000000000
0.000000000 3.000000000 8.000000000
0.000000000 4.000000000 0.000000000
0.000000000 4.000000000 1.000000000
0.000000000 4.000000000 2.000000000
0.000000000 4.000000000 3.000000000
0.000000000 4.000000000 4.000000000
0.000000000 4.000000000 5.000000000
0.000000000 4.000000000 6.000000000
0.000000000 4.000000000 7.000000000
0.000000000 4.000000000 8.000000000
0.000000000 5.000000000 0.000000000
0.000000000 5.000000000 1.000000000
0.000000000 5.000000000 2.000000000
0.000000000 5.000000000 3.000000000
0.000000000 5.000000000 4.000000000
0.000000000 5.000000000 5.000000000
0.000000000 5.000000000 6.000000000
0.000000000 5.000000000 7.000000000
0.000000000 5.000000000 8.000000000
0.000000000 6.000000000 0.000000000
0.000000000 6.000000000 1.000000000
0.000000000 6.000000000 2.000000000
0.000000000 6.000000000 3.000000000
0.000000000 6.000000000 4.000000000
0.000000000 6.000000000 5.000000000
0.000000000 6.000000000 6.000000000
0.000000000 6.000000000 7.000000000
0.000000000 6.000000000 8.000000000
0.000000000 7.000000000 0.000000000
0.000000000 7.000000000 1.000000000
0.000000000 7.000000000 2.000000000
0.000000000 7.000000000 3.000000000
0.000000000 7.000000000 4.000000000
0.000000000 7.000000000 5.000000000
0.000000000 7.000000000 6.000000000
0.000000000 7.000000000 7.000000000
0.000000000 7.000000000 8.000000000
0.000000000 8.000000000 0.000000000
0.000000000 8.000000000 1.000000000
0.000000000 8.000000000 2.000000000
0.000000000 8.000000000 3.000000000
0.000000000 8.000000000 4.000000000
0.000000000 8.000000000 5.000000000
0.000000000 8.000000000 6.000000000
0.000000000 8.000000000 7.000000000
0.000000000 8.000000000 8.000000000
1.000000000 0.000000000 0.000000000
1.000000000 0.000000000 1.000000000
1.000000000 0.000000000 2.000000000
1.000000000 0.000000000 3.000000000
1.000000000 0.000000000 4.000000000
1.000000000 0.000000000 5.000000000
1.000000000 0.000000000 6.000000000
1.000000000 0.000000000 7.000000000
1.000000000 0.000000000 8.000000000
1.000000000 1.000000000 0.000000000
1.000000000 1.000000000 1.000000000
1.000000000 1.000000000 2.000000000
1.000000000 1.000000000 3.000000000
1.000000000 1.000000000 4.000000000
1.000000000 1.000000000 5.000000000
1.000000000 1.000000000 6.000000000
1.000000000 1.000000000 7.000000000
1.000000000 1.000000000 8.000000000
1.000000000 2.000000000 0.000000000
1.000000000 2.000000000 1.000000000
1.000000000 2.000000000 2.000000000
1.000000000 2.000000000 3.000000000
1.000000000 2.000000000 4.000000000
1.000000000 2.000000000 5.000000000
1.000000000 2.000000000 6.000000000
1.000000000 2.000000000 7.000000000
1.000000000 2.000000000 8.000000000
1.000000000 3.000000000 0.000000000
1.000000000 3.000000000 1.000000000
1.000000000 3.000000000 2.000000000
1.000000000 3.000000000 3.000000000
1.000000000 3.000000000 4.000000000
1.000000000 3.000000000 5.000000000
1.000000000 3.000000000 6.000000000
1.000000000 3.000000000 7.000000000
1.000000000 3.000000000 8.000000000
1.000000000 4.000000000 0.000000000
1.000000000 4.000000000 1.000000000
1.000000000 4.000000000 2.000000000
1.000000000 4.000000000 3.000000000
1.000000000 4.000000000 4.000000000
1.000000000 4.000000000 5.000000000
1.000000000 4.000000000 6.000000000
1.000000000 4.000000000 7.000000000
1.000000000 4.000000000 8.000000000
1.000000000 5.000000000 0.000000000
1.000000000 5.000000000 1.000000000
1.000000000 5.000000000 2.000000000
1.000000000 5.000000000 3.000000000
1.000000000 5.000000000 4.000000000
1.000000000 5.000000000 5.000000000
1.000000000 5.000000000 6.000000000
1.000000000 5.000000000 7.000000000
1.000000000 5.000000000 8.000000000
1.000000000 6.000000000 0.000000000
1.000000000 6.000000000 1.000000000
1.000000000 6.000000000 2.000000000
1.000000000 6.000000000 3.000000000
1.000000000 6.000000000 4.000000000
1.000000000 6.000000000 5.000000000
1.000000000 6.000000000 6.000000000
1.000000000 6.000000000 7.000000000
1.000000000 6.000000000 8.000000000
1.000000000 7.000000000 0.000000000
1.000000000 7.000000000 1.000000000
1.000000000 7.000000000 2.000000000
1.000000000 7.000000000 3.000000000
1.000000000 7.000000000 4.000000000
1.000000000 7.000000000 5.000000000
1.000000000 7.000000000 6.000000000
1.000000000 7.000000000 7.000000000
1.000000000 7.000000000 8.000000000
1.000000000 8.000000000 0.000000000
1.000000000 8.000000000 1.000000000
1.000000000 8.000000000 2.000000000
1.000000000 8.000000000 3.000000000
1.000000000 8.000000000 4.000000000
1.000000000 8.000000000 5.000000000
1.000000000 8.000000000 6.000000000
1.000000000 8.000000000 7.000000000
1.000000000 8.000000000 8.000000000
2.000000000 0.000000000 0.000000000
2.000000000 0.000000000 1.000000000
2.000000000 0.000000000 2.000000000
2.000000000 0.000000000 3.000000000
2.000000000 0.000000000 4.000000000
2.000000000 0.000000000 5.000000000
2.000000000 0.000000000 6.000000000
2.000000000 0.000000000 7.000000000
2.000000000 0.000000000 8.000000000
2.000000000 1.000000000 0.000000000
2.000000000 1.000000000 1.000000000
2.000000000 1.000000000 2.000000000
2.000000000 1.000000000 3.000000000
2.000000000 1.000000000 4.000000000
2.000000000 1.000000000 5.000000000
2.000000000 1.000000000 6.000000000
2.000000000 1.000000000 7.000000000
2.000000000 1.000000000 8.000000000
2.000000000 2.000000000 0.000000000
2.000000000 2.000000000 1.000000000
2.000000000 2.000000000 2.000000000
2.000000000 2.000000000 3.000000000
2.000000000 2.000000000 4.000000000
2.000000000 2.000000000 5.000000000
2.000000000 2.000000000 6.000000000
2.000000000 2.000000000 7.000000000
2.000000000 2.000000000 8.000000000
2.000000000 3.000000000 0.000000000
2.000000000 3.000000000 1.000000000
2.000000000 3.000000000 2.000000000
2.000000000 3.000000000 3.000000000
2.000000000 3.000000000 4.000000000
2.000000000 3.000000000 5.000000000
2.000000000 3.000000000 6.000000000
2.000000000 3.000000000 7.000000000
2.000000000 3.000000000 8.000000000
2.000000000 4.000000000 0.000000000
2.000000000 4.000000000 1.000000000
2.000000000 4.000000000 2.000000000
2.000000000 4.000000000 3.000000000
2.000000000 4.000000000 4.000000000
2.000000000 4.000000000 5.000000000
2.000000000 4.000000000 6.000000000
2.000000000 4.000000000 7.000000000
2.000000000 4.000000000 8.000000000
2.000000000 5.000000000 0.000000000
2.000000000 5.000000000 1.000000000
2.000000000 5.000000000 2.000000000
2.000000000 5.000000000 3.000000000
2.000000000 5.000000000 4.000000000
2.000000000 5.000000000 5.000000000
2.000000000 5.000000000 6.000000000
2.000000000 5.000000000 7.000000000
2.000000000 5.000000000 8.000000000
2.000000000 6.000000000 0.000000000
2.000000000 6.000000000 1.000000000
2.000000000 6.000000000 2.000000000
2.000000000 6.000000000 3.000000000
2.000000000 6.000000000 4.000000000
2.000000000 6.000000000 5.000000000
2.000000000 6.000000000 6.000000000
2.000000000 6.000000000 7.000000000
2.000000000 6.000000000 8.000000000
2.000000000 7.000000000 0.000000000
2.000000000 7.000000000 1.000000000
2.000000000 7.000000000 2.000000000
2.000000000 7.000000000 3.000000000
2.000000000 7.000000000 4.000000000
2.000000000 7.000000000 5.000000000
2.000000000 7.000000000 6.000000000
2.000000000 7.000000000 7.000000000
2.000000000 7.000000000 8.000000000
2.000000000 8.000000000 0.000000000
2.000000000 8.000000000 1.000000000
2.000000000 8.000000000 2.000000000
2.000000000 8.000000000 3.000000000
2.000000000 8.000000000 4.000000000
2.000000000 8.000000000 5.000000000
2.000000000 8.000000000 6.000000000
2.000000000 8.000000000 7.000000000
2.000000000 8.000000000 8.000000000
3.000000000 0.000000000 0.000000000
3.000000000 0.000000000 1.000000000
3.000000000 0.000000000 2.000000000
3.000000000 0.000000000 3.000000000
3.000000000 0.000000000 4.000000000
3.000000000 0.000000000 5.000000000
3.000000000 0.000000000 6.000000000
3.000000000 0.000000000 7.000000000
3.000000000 0.000000000 8.000000000
3.000000000 1.000000000 0.000000000
3.000000000 1.000000000 1.000000000
3.000000000 1.000000000 2.000000000
3.000000000 1.000000000 3.000000000
3.000000000 1.000000000 4.000000000
3.000000000 1.000000000 5.000000000
3.000000000 1.000000000 6.000000000
3.000000000 1.000000000 7.000000000
3.000000000 1.000000000 8.000000000
3.000000000 2.000000000 0.000000000
3.000000000 2.000000000 1.000000000
3.000000000 2.000000000 2.000000000
3.000000000 2.000000000 3.000000000
3.000000000 2.000000000 4.000000000
3.000000000 2.000000000 5.000000000
3.000000000 2.000000000 6.000000000
3.000000000 2.000000000 7.000000000
3.000000000 2.000000000 8.000000000
3.000000000 3.000000000 0.000000000
3.000000000 3.000000000 1.000000000
3.000000000 3.000000000 2.000000000
3.000000000 3.000000000 3.000000000
3.000000000 3.000000000 4.000000000
3.000000000 3.000000000 5.000000000
3.000000000 3.000000000 6.000000000
3.000000000 3.000000000 7.000000000
3.000000000 3.000000000 8.000000000
3.000000000 4.000000000 0.000000000
3.000000000 4.000000000 1.000000000
3.000000000 4.000000000 2.000000000
3.000000000 4.000000000 3.000000000
3.000000000 4.000000000 4.000000000
3.000000000 4.000000000 5.000000000
3.000000000 4.000000000 6.000000000
3.000000000 4.000000000 7.000000000
3.000000000 4.000000000 8.000000000
3.000000000 5.000000000 0.000000000
3.000000000 5.000000000 1.000000000
3.000000000 5.000000000 2.000000000
3.000000000 5.000000000 3.000000000
3.000000000 5.000000000 4.000000000
3.000000000 5.000000000 5.000000000
3.000000000 5.000000000 6.000000000
3.000000000 5.000000000 7.000000000
3.000000000 5.000000000 8.000000000
3.000000000 6.000000000 0.000000000
3.000000000 6.000000000 1.000000000
3.000000000 6.000000000 2.000000000
3.000000000 6.000000000 3.000000000
3.000000000 6.000000000 4.000000000
3.000000000 6.000000000 5.000000000
3.000000000 6.000000000 6.000000000
3.000000000 6.000000000 7.000000000
3.000000000 6.000000000 8.000000000
3.000000000 7.000000000 0.000000000
3.000000000 7.000000000 1.000000000
3.000000000 7.000000000 2.000000000
3.000000000 7.000000000 3.000000000
3.000000000 7.000000000 4.000000000
3.000000000 7.000000000 5.000000000
3.000000000 7.000000000 6.000000000
3.000000000 7.000000000 7.000000000
3.000000000 7.000000000 8.000000000
3.000000000 8.000000000 0.000000000
3.000000000 8.000000000 1.000000000
3.000000000 8.000000000 2.000000000
3.000000000 8.000000000 3.000000000
3.000000000 8.000000000 4.000000000
3.000000000 8.000000000 5.000000000
3.000000000 8.000000000 6.000000000
3.000000000 8.000000000 7.000000000
3.000000000 8.000000000 8.000000000
4.000000000 0.000000000 0.000000000
4.000000000 0.000000000 1.000000000
4.000000000 0.000000000 2.000000000
4.000000000 0.000000000 3.000000000
4.000000000 0.000000000 4.000000000
4.000000000 0.000000000 5.000000000
4.000000000 0.000000000 6.000000000
4.000000000 0.000000000 7.000000000
4.000000000 0.000000000 8.000000000
4.000000000 1.000000000 0.000000000
4.000000000 1.000000000 1.000000000
4.000000000 1.000000000 2.000000000
4.000000000 1.000000000 3.000000000
4.000000000 1.000000000 4.000000000
4.000000000 1.000000000 5.000000000
4.000000000 1.000000000 6.000000000
4.000000000 1.000000000 7.000000000
4.000000000 1.000000000 8.000000000
4.000000000 2.000000000 0.000000000
4.000000000 2.000000000 1.000000000
4.000000000 2.000000000 2.000000000
4.000000000 2.000000000 3.000000000
4.000000000 2.000000000 4.000000000
4.000000000 2.000000000 5.000000000
4.000000000 2.000000000 6.000000000
4.000000000 2.000000000 7.000000000
4.000000000 2.000000000 8.000000000
4.000000000 3.000000000 0.000000000
4.000000000 3.000000000 1.000000000
4.000000000 3.000000000 2.000000000
4.000000000 3.000000000 3.000000000
4.000000000 3.000000000 4.000000000
4.000000000 3.000000000 5.000000000
4.000000000 3.000000000 6.000000000
4.000000000 3.000000000 7.000000000
4.000000000 3.000000000 8.000000000
4.000000000 4.000000000 0.000000000
4.000000000 4.000000000 1.000000000
4.000000000 4.000000000 2.000000000
4.000000000 4.000000000 3.000000000
4.000000000 4.000000000 4.000000000
4.000000000 4.000000000 5.000000000
4.000000000 4.000000000 6.000000000
4.000000000 4.000000000 7.000000000
4.000000000 4.000000000 8.000000000
4.000000000 5.000000000 0.000000000
4.000000000 5.000000000 1.000000000
4.000000000 5.000000000 2.000000000
4.000000000 5.000000000 3.000000000
4.000000000 5.000000000 4.000000000
4.000000000 5.000000000 5.000000000
4.000000000 5.000000000 6.000000000
4.000000000 5.000000000 7.000000000
4.000000000 5.000000000 8.000000000
4.000000000 6.000000000 0.000000000
4.000000000 6.000000000 1.000000000
4.000000000 6.000000000 2.000000000
4.000000000 6.000000000 3.000000000
4.000000000 6.000000000 4.000000000
4.000000000 6.000000000 5.000000000
4.000000000 6.000000000 6.000000000
4.000000000 6.000000000 7.000000000
4.000000000 6.000000000 8.000000000
4.000000000 7.000000000 0.000000000
4.000000000 7.000000000 1.000000000
4.000000000 7.000000000 2.000000000
4.000000000 7.000000000 3.000000000
4.000000000 7.000000000 4.000000000
4.000000000 7.000000000 5.000000000
4.000000000 7.000000000 6.000000000
4.000000000 7.000000000 7.000000000
4.000000000 7.000000000 8.000000000
4.000000000 8.000000000 0.000000000
4.000000000 8.000000000 1.000000000
4.000000000 8.000000000 2.000000000
4.000000000 8.000000000 3.000000000
4.000000000 8.000000000 4.000000000
4.000000000 8.000000000 5.000000000
4.000000000 8.000000000 6.000000000
4.000000000 8.000000000 7.000000000
4.000000000 8.000000000 8.000000000
5.000000000 0.000000000 0.000000000
5.000000000 0.000000000 1.000000000
5.000000000 0.000000000 2.000000000
5.000000000 0.000000000 3.000000000
5.000000000 0.000000000 4.000000000
5.000000000 0.000000000 5.000000000
5.000000000 0.000000000 6.000000000
5.000000000 0.000000000 7.000000000
5.000000000 0.000000000 8.000000000
5.000000000 1.000000000 0.000000000
5.000000000 1.000000000 1.000000000
5.000000000 1.000000000 2.000000000
5.000000000 1.000000000 3.000000000
5.000000000 1.000000000 4.000000000
5.000000000 1.000000000 5.000000000
5.000000000 1.000000000 6.000000000
5.000000000 1.000000000 7.000000000
5.000000000 1.000000000 8.000000000
5.000000000 2.000000000 0.000000000
5.000000000 2.000000000 1.000000000
5.000000000 2.000000000 2.000000000
5.000000000 2.000000000 3.000000000
5.000000000 2.000000000 4.000000000
5.000000000 2.000000000 5.000000000
5.000000000 2.000000000 6.000000000
5.000000000 2.000000000 7.000000000
5.000000000 2.000000000 8.000000000
5.000000000 3.000000000 0.000000000
5.000000000 3.000000000 1.000000000
5.000000000 3.000000000 2.000000000
5.000000000 3.000000000 3.000000000
5.000000000 3.000000000 4.000000000
5.000000000 3.000000000 5.000000000
5.000000000 3.000000000 6.000000000
5.000000000 3.000000000 7.000000000
5.000000000 3.000000000 8.000000000
5.000000000 4.000000000 0.000000000
5.000000000 4.000000000 1.000000000
5.000000000 4.000000000 2.000000000
5.000000000 4.000000000 3.000000000
5.000000000 4.000000000 4.000000000
5.000000000 4.000000000 5.000000000
5.000000000 4.000000000 6.000000000
5.000000000 4.000000000 7.000000000
5.000000000 4.000000000 8.000000000
5.000000000 5.000000000 0.000000000
5.000000000 5.000000000 1.000000000
5.000000000 5.000000000 2.000000000
5.000000000 5.000000000 3.000000000
5.000000000 5.000000000 4.000000000
5.000000000 5.000000000 5.000000000
5.000000000 5.000000000 6.000000000
5.000000000 5.000000000 7.000000000
5.000000000 5.000000000 8.000000000
5.000000000 6.000000000 0.000000000
5.000000000 6.000000000 1.000000000
5.000000000 6.000000000 2.000000000
5.000000000 6.000000000 3.000000000
5.000000000 6.000000000 4.000000000
5.000000000 6.000000000 5.000000000
5.000000000 6.000000000 6.000000000
5.000000000 6.000000000 7.000000000
5.000000000 6.000000000 8.000000000
5.000000000 7.000000000 0.000000000
5.000000000 7.000000000 1.000000000
5.000000000 7.000000000 2.000000000
5.000000000 7.000000000 3.000000000
5.000000000 7.000000000 4.000000000
5.000000000 7.000000000 5.000000000
5.000000000 7.000000000 6.000000000
5.000000000 7.000000000 7.000000000
5.000000000 7.000000000 8.000000000
5.000000000 8.000000000 0.000000000
5.000000000 8.000000000 1.000000000
5.000000000 8.000000000 2.000000000
5.000000000 8.000000000 3.000000000
5.000000000 8.000000000 4.000000000
5.000000000 8.000000000 5.000000000
5.000000000 8.000000000 6.000000000
5.000000000 8.000000000 7.000000000
5.000000000 8.000000000 8.000000000
