nE = 120; nC = 54
n4e = 
0  1    4   13
0  1    10   13
0  3    4   13
0  3    12   13
0  9    12   13
0  9    10   13
9  10    13   22
9  10    19   22
9  12    13   22
9  12    21   22
9  18    21   22
9  18    19   22
18  19    22   31
18  19    28   31
18  21    22   31
18  21    30   31
18  27    30   31
18  27    28   31
27  28    31   40
27  28    37   40
27  30    31   40
27  30    39   40
27  36    39   40
27  36    37   40
36  37    40   49
36  37    46   49
36  39    40   49
36  39    48   49
36  45    48   49
36  45    46   49
3  4    7   16
3  4    13   16
3  6    7   16
3  6    15   16
3  12    15   16
3  12    13   16
12  13    16   25
12  13    22   25
12  15    16   25
12  15    24   25
12  21    24   25
12  21    22   25
21  22    25   34
21  22    31   34
21  24    25   34
21  24    33   34
21  30    33   34
21  30    31   34
30  31    34   43
30  31    40   43
30  33    34   43
30  33    42   43
30  39    42   43
30  39    40   43
39  40    43   52
39  40    49   52
39  42    43   52
39  42    51   52
39  48    51   52
39  48    49   52
1  2    5   14
1  2    11   14
1  4    5   14
1  4    13   14
1  10    13   14
1  10    11   14
10  11    14   23
10  11    20   23
10  13    14   23
10  13    22   23
10  19    22   23
10  19    20   23
19  20    23   32
19  20    29   32
19  22    23   32
19  22    31   32
19  28    31   32
19  28    29   32
28  29    32   41
28  29    38   41
28  31    32   41
28  31    40   41
28  37    40   41
28  37    38   41
37  38    41   50
37  38    47   50
37  40    41   50
37  40    49   50
37  46    49   50
37  46    47   50
4  5    8   17
4  5    14   17
4  7    8   17
4  7    16   17
4  13    16   17
4  13    14   17
13  14    17   26
13  14    23   26
13  16    17   26
13  16    25   26
13  22    25   26
13  22    23   26
22  23    26   35
22  23    32   35
22  25    26   35
22  25    34   35
22  31    34   35
22  31    32   35
31  32    35   44
31  32    41   44
31  34    35   44
31  34    43   44
31  40    43   44
31  40    41   44
40  41    44   53
40  41    50   53
40  43    44   53
40  43    52   53
40  49    52   53
40  49    50   53
c4n = 
0.000000000  0.000000000  0.000000000
0.000000000  0.000000000  1.000000000
0.000000000  0.000000000  2.000000000
0.000000000  1.000000000  0.000000000
0.000000000  1.000000000  1.000000000
0.000000000  1.000000000  2.000000000
0.000000000  2.000000000  0.000000000
0.000000000  2.000000000  1.000000000
0.000000000  2.000000000  2.000000000
1.000000000  0.000000000  0.000000000
1.000000000  0.000000000  1.000000000
1.000000000  0.000000000  2.000000000
1.000000000  1.000000000  0.000000000
1.000000000  1.000000000  1.000000000
1.000000000  1.000000000  2.000000000
1.000000000  2.000000000  0.000000000
1.000000000  2.000000000  1.000000000
1.000000000  2.000000000  2.000000000
2.000000000  0.000000000  0.000000000
2.000000000  0.000000000  1.000000000
2.000000000  0.000000000  2.000000000
2.000000000  1.000000000  0.000000000
2.000000000  1.000000000  1.000000000
2.000000000  1.000000000  2.000000000
2.000000000  2.000000000  0.000000000
2.000000000  2.000000000  1.000000000
2.000000000  2.000000000  2.000000000
3.000000000  0.000000000  0.000000000
3.000000000  0.000000000  1.000000000
3.000000000  0.000000000  2.000000000
3.000000000  1.000000000  0.000000000
3.000000000  1.000000000  1.000000000
3.000000000  1.000000000  2.000000000
3.000000000  2.000000000  0.000000000
3.000000000  2.000000000  1.000000000
3.000000000  2.000000000  2.000000000
4.000000000  0.000000000  0.000000000
4.000000000  0.000000000  1.000000000
4.000000000  0.000000000  2.000000000
4.000000000  1.000000000  0.000000000
4.000000000  1.000000000  1.000000000
4.000000000  1.000000000  2.000000000
4.000000000  2.000000000  0.000000000
4.000000000  2.000000000  1.000000000
4.000000000  2.000000000  2.000000000
5.000000000  0.000000000  0.000000000
5.000000000  0.000000000  1.000000000
5.000000000  0.000000000  2.000000000
5.000000000  1.000000000  0.000000000
5.000000000  1.000000000  1.000000000
5.000000000  1.000000000  2.000000000
5.000000000  2.000000000  0.000000000
5.000000000  2.000000000  1.000000000
5.000000000  2.000000000  2.000000000
