nE = 750; nC = 216
n4e = 
0  1    7   43
0  1    37   43
0  6    7   43
0  6    42   43
0  36    42   43
0  36    37   43
36  37    43   79
36  37    73   79
36  42    43   79
36  42    78   79
36  72    78   79
36  72    73   79
72  73    79   115
72  73    109   115
72  78    79   115
72  78    114   115
72  108    114   115
72  108    109   115
108  109    115   151
108  109    145   151
108  114    115   151
108  114    150   151
108  144    150   151
108  144    145   151
144  145    151   187
144  145    181   187
144  150    151   187
144  150    186   187
144  180    186   187
144  180    181   187
6  7    13   49
6  7    43   49
6  12    13   49
6  12    48   49
6  42    48   49
6  42    43   49
42  43    49   85
42  43    79   85
42  48    49   85
42  48    84   85
42  78    84   85
42  78    79   85
78  79    85   121
78  79    115   121
78  84    85   121
78  84    120   121
78  114    120   121
78  114    115   121
114  115    121   157
114  115    151   157
114  120    121   157
114  120    156   157
114  150    156   157
114  150    151   157
150  151    157   193
150  151    187   193
150  156    157   193
150  156    192   193
150  186    192   193
150  186    187   193
12  13    19   55
12  13    49   55
12  18    19   55
12  18    54   55
12  48    54   55
12  48    49   55
48  49    55   91
48  49    85   91
48  54    55   91
48  54    90   91
48  84    90   91
48  84    85   91
84  85    91   127
84  85    121   127
84  90    91   127
84  90    126   127
84  120    126   127
84  120    121   127
120  121    127   163
120  121    157   163
120  126    127   163
120  126    162   163
120  156    162   163
120  156    157   163
156  157    163   199
156  157    193   199
156  162    163   199
156  162    198   199
156  192    198   199
156  192    193   199
18  19    25   61
18  19    55   61
18  24    25   61
18  24    60   61
18  54    60   61
18  54    55   61
54  55    61   97
54  55    91   97
54  60    61   97
54  60    96   97
54  90    96   97
54  90    91   97
90  91    97   133
90  91    127   133
90  96    97   133
90  96    132   133
90  126    132   133
90  126    127   133
126  127    133   169
126  127    163   169
126  132    133   169
126  132    168   169
126  162    168   169
126  162    163   169
162  163    169   205
162  163    199   205
162  168    169   205
162  168    204   205
162  198    204   205
162  198    199   205
24  25    31   67
24  25    61   67
24  30    31   67
24  30    66   67
24  60    66   67
24  60    61   67
60  61    67   103
60  61    97   103
60  66    67   103
60  66    102   103
60  96    102   103
60  96    97   103
96  97    103   139
96  97    133   139
96  102    103   139
96  102    138   139
96  132    138   139
96  132    133   139
132  133    139   175
132  133    169   175
132  138    139   175
132  138    174   175
132  168    174   175
132  168    169   175
168  169    175   211
168  169    205   211
168  174    175   211
168  174    210   211
168  204    210   211
168  204    205   211
1  2    8   44
1  2    38   44
1  7    8   44
1  7    43   44
1  37    43   44
1  37    38   44
37  38    44   80
37  38    74   80
37  43    44   80
37  43    79   80
37  73    79   80
37  73    74   80
73  74    80   116
73  74    110   116
73  79    80   116
73  79    115   116
73  109    115   116
73  109    110   116
109  110    116   152
109  110    146   152
109  115    116   152
109  115    151   152
109  145    151   152
109  145    146   152
145  146    152   188
145  146    182   188
145  151    152   188
145  151    187   188
145  181    187   188
145  181    182   188
7  8    14   50
7  8    44   50
7  13    14   50
7  13    49   50
7  43    49   50
7  43    44   50
43  44    50   86
43  44    80   86
43  49    50   86
43  49    85   86
43  79    85   86
43  79    80   86
79  80    86   122
79  80    116   122
79  85    86   122
79  85    121   122
79  115    121   122
79  115    116   122
115  116    122   158
115  116    152   158
115  121    122   158
115  121    157   158
115  151    157   158
115  151    152   158
151  152    158   194
151  152    188   194
151  157    158   194
151  157    193   194
151  187    193   194
151  187    188   194
13  14    20   56
13  14    50   56
13  19    20   56
13  19    55   56
13  49    55   56
13  49    50   56
49  50    56   92
49  50    86   92
49  55    56   92
49  55    91   92
49  85    91   92
49  85    86   92
85  86    92   128
85  86    122   128
85  91    92   128
85  91    127   128
85  121    127   128
85  121    122   128
121  122    128   164
121  122    158   164
121  127    128   164
121  127    163   164
121  157    163   164
121  157    158   164
157  158    164   200
157  158    194   200
157  163    164   200
157  163    199   200
157  193    199   200
157  193    194   200
19  20    26   62
19  20    56   62
19  25    26   62
19  25    61   62
19  55    61   62
19  55    56   62
55  56    62   98
55  56    92   98
55  61    62   98
55  61    97   98
55  91    97   98
55  91    92   98
91  92    98   134
91  92    128   134
91  97    98   134
91  97    133   134
91  127    133   134
91  127    128   134
127  128    134   170
127  128    164   170
127  133    134   170
127  133    169   170
127  163    169   170
127  163    164   170
163  164    170   206
163  164    200   206
163  169    170   206
163  169    205   206
163  199    205   206
163  199    200   206
25  26    32   68
25  26    62   68
25  31    32   68
25  31    67   68
25  61    67   68
25  61    62   68
61  62    68   104
61  62    98   104
61  67    68   104
61  67    103   104
61  97    103   104
61  97    98   104
97  98    104   140
97  98    134   140
97  103    104   140
97  103    139   140
97  133    139   140
97  133    134   140
133  134    140   176
133  134    170   176
133  139    140   176
133  139    175   176
133  169    175   176
133  169    170   176
169  170    176   212
169  170    206   212
169  175    176   212
169  175    211   212
169  205    211   212
169  205    206   212
2  3    9   45
2  3    39   45
2  8    9   45
2  8    44   45
2  38    44   45
2  38    39   45
38  39    45   81
38  39    75   81
38  44    45   81
38  44    80   81
38  74    80   81
38  74    75   81
74  75    81   117
74  75    111   117
74  80    81   117
74  80    116   117
74  110    116   117
74  110    111   117
110  111    117   153
110  111    147   153
110  116    117   153
110  116    152   153
110  146    152   153
110  146    147   153
146  147    153   189
146  147    183   189
146  152    153   189
146  152    188   189
146  182    188   189
146  182    183   189
8  9    15   51
8  9    45   51
8  14    15   51
8  14    50   51
8  44    50   51
8  44    45   51
44  45    51   87
44  45    81   87
44  50    51   87
44  50    86   87
44  80    86   87
44  80    81   87
80  81    87   123
80  81    117   123
80  86    87   123
80  86    122   123
80  116    122   123
80  116    117   123
116  117    123   159
116  117    153   159
116  122    123   159
116  122    158   159
116  152    158   159
116  152    153   159
152  153    159   195
152  153    189   195
152  158    159   195
152  158    194   195
152  188    194   195
152  188    189   195
14  15    21   57
14  15    51   57
14  20    21   57
14  20    56   57
14  50    56   57
14  50    51   57
50  51    57   93
50  51    87   93
50  56    57   93
50  56    92   93
50  86    92   93
50  86    87   93
86  87    93   129
86  87    123   129
86  92    93   129
86  92    128   129
86  122    128   129
86  122    123   129
122  123    129   165
122  123    159   165
122  128    129   165
122  128    164   165
122  158    164   165
122  158    159   165
158  159    165   201
158  159    195   201
158  164    165   201
158  164    200   201
158  194    200   201
158  194    195   201
20  21    27   63
20  21    57   63
20  26    27   63
20  26    62   63
20  56    62   63
20  56    57   63
56  57    63   99
56  57    93   99
56  62    63   99
56  62    98   99
56  92    98   99
56  92    93   99
92  93    99   135
92  93    129   135
92  98    99   135
92  98    134   135
92  128    134   135
92  128    129   135
128  129    135   171
128  129    165   171
128  134    135   171
128  134    170   171
128  164    170   171
128  164    165   171
164  165    171   207
164  165    201   207
164  170    171   207
164  170    206   207
164  200    206   207
164  200    201   207
26  27    33   69
26  27    63   69
26  32    33   69
26  32    68   69
26  62    68   69
26  62    63   69
62  63    69   105
62  63    99   105
62  68    69   105
62  68    104   105
62  98    104   105
62  98    99   105
98  99    105   141
98  99    135   141
98  104    105   141
98  104    140   141
98  134    140   141
98  134    135   141
134  135    141   177
134  135    171   177
134  140    141   177
134  140    176   177
134  170    176   177
134  170    171   177
170  171    177   213
170  171    207   213
170  176    177   213
170  176    212   213
170  206    212   213
170  206    207   213
3  4    10   46
3  4    40   46
3  9    10   46
3  9    45   46
3  39    45   46
3  39    40   46
39  40    46   82
39  40    76   82
39  45    46   82
39  45    81   82
39  75    81   82
39  75    76   82
75  76    82   118
75  76    112   118
75  81    82   118
75  81    117   118
75  111    117   118
75  111    112   118
111  112    118   154
111  112    148   154
111  117    118   154
111  117    153   154
111  147    153   154
111  147    148   154
147  148    154   190
147  148    184   190
147  153    154   190
147  153    189   190
147  183    189   190
147  183    184   190
9  10    16   52
9  10    46   52
9  15    16   52
9  15    51   52
9  45    51   52
9  45    46   52
45  46    52   88
45  46    82   88
45  51    52   88
45  51    87   88
45  81    87   88
45  81    82   88
81  82    88   124
81  82    118   124
81  87    88   124
81  87    123   124
81  117    123   124
81  117    118   124
117  118    124   160
117  118    154   160
117  123    124   160
117  123    159   160
117  153    159   160
117  153    154   160
153  154    160   196
153  154    190   196
153  159    160   196
153  159    195   196
153  189    195   196
153  189    190   196
15  16    22   58
15  16    52   58
15  21    22   58
15  21    57   58
15  51    57   58
15  51    52   58
51  52    58   94
51  52    88   94
51  57    58   94
51  57    93   94
51  87    93   94
51  87    88   94
87  88    94   130
87  88    124   130
87  93    94   130
87  93    129   130
87  123    129   130
87  123    124   130
123  124    130   166
123  124    160   166
123  129    130   166
123  129    165   166
123  159    165   166
123  159    160   166
159  160    166   202
159  160    196   202
159  165    166   202
159  165    201   202
159  195    201   202
159  195    196   202
21  22    28   64
21  22    58   64
21  27    28   64
21  27    63   64
21  57    63   64
21  57    58   64
57  58    64   100
57  58    94   100
57  63    64   100
57  63    99   100
57  93    99   100
57  93    94   100
93  94    100   136
93  94    130   136
93  99    100   136
93  99    135   136
93  129    135   136
93  129    130   136
129  130    136   172
129  130    166   172
129  135    136   172
129  135    171   172
129  165    171   172
129  165    166   172
165  166    172   208
165  166    202   208
165  171    172   208
165  171    207   208
165  201    207   208
165  201    202   208
27  28    34   70
27  28    64   70
27  33    34   70
27  33    69   70
27  63    69   70
27  63    64   70
63  64    70   106
63  64    100   106
63  69    70   106
63  69    105   106
63  99    105   106
63  99    100   106
99  100    106   142
99  100    136   142
99  105    106   142
99  105    141   142
99  135    141   142
99  135    136   142
135  136    142   178
135  136    172   178
135  141    142   178
135  141    177   178
135  171    177   178
135  171    172   178
171  172    178   214
171  172    208   214
171  177    178   214
171  177    213   214
171  207    213   214
171  207    208   214
4  5    11   47
4  5    41   47
4  10    11   47
4  10    46   47
4  40    46   47
4  40    41   47
40  41    47   83
40  41    77   83
40  46    47   83
40  46    82   83
40  76    82   83
40  76    77   83
76  77    83   119
76  77    113   119
76  82    83   119
76  82    118   119
76  112    118   119
76  112    113   119
112  113    119   155
112  113    149   155
112  118    119   155
112  118    154   155
112  148    154   155
112  148    149   155
148  149    155   191
148  149    185   191
148  154    155   191
148  154    190   191
148  184    190   191
148  184    185   191
10  11    17   53
10  11    47   53
10  16    17   53
10  16    52   53
10  46    52   53
10  46    47   53
46  47    53   89
46  47    83   89
46  52    53   89
46  52    88   89
46  82    88   89
46  82    83   89
82  83    89   125
82  83    119   125
82  88    89   125
82  88    124   125
82  118    124   125
82  118    119   125
118  119    125   161
118  119    155   161
118  124    125   161
118  124    160   161
118  154    160   161
118  154    155   161
154  155    161   197
154  155    191   197
154  160    161   197
154  160    196   197
154  190    196   197
154  190    191   197
16  17    23   59
16  17    53   59
16  22    23   59
16  22    58   59
16  52    58   59
16  52    53   59
52  53    59   95
52  53    89   95
52  58    59   95
52  58    94   95
52  88    94   95
52  88    89   95
88  89    95   131
88  89    125   131
88  94    95   131
88  94    130   131
88  124    130   131
88  124    125   131
124  125    131   167
124  125    161   167
124  130    131   167
124  130    166   167
124  160    166   167
124  160    161   167
160  161    167   203
160  161    197   203
160  166    167   203
160  166    202   203
160  196    202   203
160  196    197   203
22  23    29   65
22  23    59   65
22  28    29   65
22  28    64   65
22  58    64   65
22  58    59   65
58  59    65   101
58  59    95   101
58  64    65   101
58  64    100   101
58  94    100   101
58  94    95   101
94  95    101   137
94  95    131   137
94  100    101   137
94  100    136   137
94  130    136   137
94  130    131   137
130  131    137   173
130  131    167   173
130  136    137   173
130  136    172   173
130  166    172   173
130  166    167   173
166  167    173   209
166  167    203   209
166  172    173   209
166  172    208   209
166  202    208   209
166  202    203   209
28  29    35   71
28  29    65   71
28  34    35   71
28  34    70   71
28  64    70   71
28  64    65   71
64  65    71   107
64  65    101   107
64  70    71   107
64  70    106   107
64  100    106   107
64  100    101   107
100  101    107   143
100  101    137   143
100  106    107   143
100  106    142   143
100  136    142   143
100  136    137   143
136  137    143   179
136  137    173   179
136  142    143   179
136  142    178   179
136  172    178   179
136  172    173   179
172  173    179   215
172  173    209   215
172  178    179   215
172  178    214   215
172  208    214   215
172  208    209   215
c4n = 
0.000000000  0.000000000  0.000000000
0.000000000  0.000000000  1.000000000
0.000000000  0.000000000  2.000000000
0.000000000  0.000000000  3.000000000
0.000000000  0.000000000  4.000000000
0.000000000  0.000000000  5.000000000
0.000000000  1.000000000  0.000000000
0.000000000  1.000000000  1.000000000
0.000000000  1.000000000  2.000000000
0.000000000  1.000000000  3.000000000
0.000000000  1.000000000  4.000000000
0.000000000  1.000000000  5.000000000
0.000000000  2.000000000  0.000000000
0.000000000  2.000000000  1.000000000
0.000000000  2.000000000  2.000000000
0.000000000  2.000000000  3.000000000
0.000000000  2.000000000  4.000000000
0.000000000  2.000000000  5.000000000
0.000000000  3.000000000  0.000000000
0.000000000  3.000000000  1.000000000
0.000000000  3.000000000  2.000000000
0.000000000  3.000000000  3.000000000
0.000000000  3.000000000  4.000000000
0.000000000  3.000000000  5.000000000
0.000000000  4.000000000  0.000000000
0.000000000  4.000000000  1.000000000
0.000000000  4.000000000  2.000000000
0.000000000  4.000000000  3.000000000
0.000000000  4.000000000  4.000000000
0.000000000  4.000000000  5.000000000
0.000000000  5.000000000  0.000000000
0.000000000  5.000000000  1.000000000
0.000000000  5.000000000  2.000000000
0.000000000  5.000000000  3.000000000
0.000000000  5.000000000  4.000000000
0.000000000  5.000000000  5.000000000
1.000000000  0.000000000  0.000000000
1.000000000  0.000000000  1.000000000
1.000000000  0.000000000  2.000000000
1.000000000  0.000000000  3.000000000
1.000000000  0.000000000  4.000000000
1.000000000  0.000000000  5.000000000
1.000000000  1.000000000  0.000000000
1.000000000  1.000000000  1.000000000
1.000000000  1.000000000  2.000000000
1.000000000  1.000000000  3.000000000
1.000000000  1.000000000  4.000000000
1.000000000  1.000000000  5.000000000
1.000000000  2.000000000  0.000000000
1.000000000  2.000000000  1.000000000
1.000000000  2.000000000  2.000000000
1.000000000  2.000000000  3.000000000
1.000000000  2.000000000  4.000000000
1.000000000  2.000000000  5.000000000
1.000000000  3.000000000  0.000000000
1.000000000  3.000000000  1.000000000
1.000000000  3.000000000  2.000000000
1.000000000  3.000000000  3.000000000
1.000000000  3.000000000  4.000000000
1.000000000  3.000000000  5.000000000
1.000000000  4.000000000  0.000000000
1.000000000  4.000000000  1.000000000
1.000000000  4.000000000  2.000000000
1.000000000  4.000000000  3.000000000
1.000000000  4.000000000  4.000000000
1.000000000  4.000000000  5.000000000
1.000000000  5.000000000  0.000000000
1.000000000  5.000000000  1.000000000
1.000000000  5.000000000  2.000000000
1.000000000  5.000000000  3.000000000
1.000000000  5.000000000  4.000000000
1.000000000  5.000000000  5.000000000
2.000000000  0.000000000  0.000000000
2.000000000  0.000000000  1.000000000
2.000000000  0.000000000  2.000000000
2.000000000  0.000000000  3.000000000
2.000000000  0.000000000  4.000000000
2.000000000  0.000000000  5.000000000
2.000000000  1.000000000  0.000000000
2.000000000  1.000000000  1.000000000
2.000000000  1.000000000  2.000000000
2.000000000  1.000000000  3.000000000
2.000000000  1.000000000  4.000000000
2.000000000  1.000000000  5.000000000
2.000000000  2.000000000  0.000000000
2.000000000  2.000000000  1.000000000
2.000000000  2.000000000  2.000000000
2.000000000  2.000000000  3.000000000
2.000000000  2.000000000  4.000000000
2.000000000  2.000000000  5.000000000
2.000000000  3.000000000  0.000000000
2.000000000  3.000000000  1.000000000
2.000000000  3.000000000  2.000000000
2.000000000  3.000000000  3.000000000
2.000000000  3.000000000  4.000000000
2.000000000  3.000000000  5.000000000
2.000000000  4.000000000  0.000000000
2.000000000  4.000000000  1.000000000
2.000000000  4.000000000  2.000000000
2.000000000  4.000000000  3.000000000
2.000000000  4.000000000  4.000000000
2.000000000  4.000000000  5.000000000
2.000000000  5.000000000  0.000000000
2.000000000  5.000000000  1.000000000
2.000000000  5.000000000  2.000000000
2.000000000  5.000000000  3.000000000
2.000000000  5.000000000  4.000000000
2.000000000  5.000000000  5.000000000
3.000000000  0.000000000  0.000000000
3.000000000  0.000000000  1.000000000
3.000000000  0.000000000  2.000000000
3.000000000  0.000000000  3.000000000
3.000000000  0.000000000  4.000000000
3.000000000  0.000000000  5.000000000
3.000000000  1.000000000  0.000000000
3.000000000  1.000000000  1.000000000
3.000000000  1.000000000  2.000000000
3.000000000  1.000000000  3.000000000
3.000000000  1.000000000  4.000000000
3.000000000  1.000000000  5.000000000
3.000000000  2.000000000  0.000000000
3.000000000  2.000000000  1.000000000
3.000000000  2.000000000  2.000000000
3.000000000  2.000000000  3.000000000
3.000000000  2.000000000  4.000000000
3.000000000  2.000000000  5.000000000
3.000000000  3.000000000  0.000000000
3.000000000  3.000000000  1.000000000
3.000000000  3.000000000  2.000000000
3.000000000  3.000000000  3.000000000
3.000000000  3.000000000  4.000000000
3.000000000  3.000000000  5.000000000
3.000000000  4.000000000  0.000000000
3.000000000  4.000000000  1.000000000
3.000000000  4.000000000  2.000000000
3.000000000  4.000000000  3.000000000
3.000000000  4.000000000  4.000000000
3.000000000  4.000000000  5.000000000
3.000000000  5.000000000  0.000000000
3.000000000  5.000000000  1.000000000
3.000000000  5.000000000  2.000000000
3.000000000  5.000000000  3.000000000
3.000000000  5.000000000  4.000000000
3.000000000  5.000000000  5.000000000
4.000000000  0.000000000  0.000000000
4.000000000  0.000000000  1.000000000
4.000000000  0.000000000  2.000000000
4.000000000  0.000000000  3.000000000
4.000000000  0.000000000  4.000000000
4.000000000  0.000000000  5.000000000
4.000000000  1.000000000  0.000000000
4.000000000  1.000000000  1.000000000
4.000000000  1.000000000  2.000000000
4.000000000  1.000000000  3.000000000
4.000000000  1.000000000  4.000000000
4.000000000  1.000000000  5.000000000
4.000000000  2.000000000  0.000000000
4.000000000  2.000000000  1.000000000
4.000000000  2.000000000  2.000000000
4.000000000  2.000000000  3.000000000
4.000000000  2.000000000  4.000000000
4.000000000  2.000000000  5.000000000
4.000000000  3.000000000  0.000000000
4.000000000  3.000000000  1.000000000
4.000000000  3.000000000  2.000000000
4.000000000  3.000000000  3.000000000
4.000000000  3.000000000  4.000000000
4.000000000  3.000000000  5.000000000
4.000000000  4.000000000  0.000000000
4.000000000  4.000000000  1.000000000
4.000000000  4.000000000  2.000000000
4.000000000  4.000000000  3.000000000
4.000000000  4.000000000  4.000000000
4.000000000  4.000000000  5.000000000
4.000000000  5.000000000  0.000000000
4.000000000  5.000000000  1.000000000
4.000000000  5.000000000  2.000000000
4.000000000  5.000000000  3.000000000
4.000000000  5.000000000  4.000000000
4.000000000  5.000000000  5.000000000
5.000000000  0.000000000  0.000000000
5.000000000  0.000000000  1.000000000
5.000000000  0.000000000  2.000000000
5.000000000  0.000000000  3.000000000
5.000000000  0.000000000  4.000000000
5.000000000  0.000000000  5.000000000
5.000000000  1.000000000  0.000000000
5.000000000  1.000000000  1.000000000
5.000000000  1.000000000  2.000000000
5.000000000  1.000000000  3.000000000
5.000000000  1.000000000  4.000000000
5.000000000  1.000000000  5.000000000
5.000000000  2.000000000  0.000000000
5.000000000  2.000000000  1.000000000
5.000000000  2.000000000  2.000000000
5.000000000  2.000000000  3.000000000
5.000000000  2.000000000  4.000000000
5.000000000  2.000000000  5.000000000
5.000000000  3.000000000  0.000000000
5.000000000  3.000000000  1.000000000
5.000000000  3.000000000  2.000000000
5.000000000  3.000000000  3.000000000
5.000000000  3.000000000  4.000000000
5.000000000  3.000000000  5.000000000
5.000000000  4.000000000  0.000000000
5.000000000  4.000000000  1.000000000
5.000000000  4.000000000  2.000000000
5.000000000  4.000000000  3.000000000
5.000000000  4.000000000  4.000000000
5.000000000  4.000000000  5.000000000
5.000000000  5.000000000  0.000000000
5.000000000  5.000000000  1.000000000
5.000000000  5.000000000  2.000000000
5.000000000  5.000000000  3.000000000
5.000000000  5.000000000  4.000000000
5.000000000  5.000000000  5.000000000
