nE = 270; nC = 96
n4e = 
0  1    5   21
0  1    17   21
0  4    5   21
0  4    20   21
0  16    20   21
0  16    17   21
16  17    21   37
16  17    33   37
16  20    21   37
16  20    36   37
16  32    36   37
16  32    33   37
32  33    37   53
32  33    49   53
32  36    37   53
32  36    52   53
32  48    52   53
32  48    49   53
48  49    53   69
48  49    65   69
48  52    53   69
48  52    68   69
48  64    68   69
48  64    65   69
64  65    69   85
64  65    81   85
64  68    69   85
64  68    84   85
64  80    84   85
64  80    81   85
4  5    9   25
4  5    21   25
4  8    9   25
4  8    24   25
4  20    24   25
4  20    21   25
20  21    25   41
20  21    37   41
20  24    25   41
20  24    40   41
20  36    40   41
20  36    37   41
36  37    41   57
36  37    53   57
36  40    41   57
36  40    56   57
36  52    56   57
36  52    53   57
52  53    57   73
52  53    69   73
52  56    57   73
52  56    72   73
52  68    72   73
52  68    69   73
68  69    73   89
68  69    85   89
68  72    73   89
68  72    88   89
68  84    88   89
68  84    85   89
8  9    13   29
8  9    25   29
8  12    13   29
8  12    28   29
8  24    28   29
8  24    25   29
24  25    29   45
24  25    41   45
24  28    29   45
24  28    44   45
24  40    44   45
24  40    41   45
40  41    45   61
40  41    57   61
40  44    45   61
40  44    60   61
40  56    60   61
40  56    57   61
56  57    61   77
56  57    73   77
56  60    61   77
56  60    76   77
56  72    76   77
56  72    73   77
72  73    77   93
72  73    89   93
72  76    77   93
72  76    92   93
72  88    92   93
72  88    89   93
1  2    6   22
1  2    18   22
1  5    6   22
1  5    21   22
1  17    21   22
1  17    18   22
17  18    22   38
17  18    34   38
17  21    22   38
17  21    37   38
17  33    37   38
17  33    34   38
33  34    38   54
33  34    50   54
33  37    38   54
33  37    53   54
33  49    53   54
33  49    50   54
49  50    54   70
49  50    66   70
49  53    54   70
49  53    69   70
49  65    69   70
49  65    66   70
65  66    70   86
65  66    82   86
65  69    70   86
65  69    85   86
65  81    85   86
65  81    82   86
5  6    10   26
5  6    22   26
5  9    10   26
5  9    25   26
5  21    25   26
5  21    22   26
21  22    26   42
21  22    38   42
21  25    26   42
21  25    41   42
21  37    41   42
21  37    38   42
37  38    42   58
37  38    54   58
37  41    42   58
37  41    57   58
37  53    57   58
37  53    54   58
53  54    58   74
53  54    70   74
53  57    58   74
53  57    73   74
53  69    73   74
53  69    70   74
69  70    74   90
69  70    86   90
69  73    74   90
69  73    89   90
69  85    89   90
69  85    86   90
9  10    14   30
9  10    26   30
9  13    14   30
9  13    29   30
9  25    29   30
9  25    26   30
25  26    30   46
25  26    42   46
25  29    30   46
25  29    45   46
25  41    45   46
25  41    42   46
41  42    46   62
41  42    58   62
41  45    46   62
41  45    61   62
41  57    61   62
41  57    58   62
57  58    62   78
57  58    74   78
57  61    62   78
57  61    77   78
57  73    77   78
57  73    74   78
73  74    78   94
73  74    90   94
73  77    78   94
73  77    93   94
73  89    93   94
73  89    90   94
2  3    7   23
2  3    19   23
2  6    7   23
2  6    22   23
2  18    22   23
2  18    19   23
18  19    23   39
18  19    35   39
18  22    23   39
18  22    38   39
18  34    38   39
18  34    35   39
34  35    39   55
34  35    51   55
34  38    39   55
34  38    54   55
34  50    54   55
34  50    51   55
50  51    55   71
50  51    67   71
50  54    55   71
50  54    70   71
50  66    70   71
50  66    67   71
66  67    71   87
66  67    83   87
66  70    71   87
66  70    86   87
66  82    86   87
66  82    83   87
6  7    11   27
6  7    23   27
6  10    11   27
6  10    26   27
6  22    26   27
6  22    23   27
22  23    27   43
22  23    39   43
22  26    27   43
22  26    42   43
22  38    42   43
22  38    39   43
38  39    43   59
38  39    55   59
38  42    43   59
38  42    58   59
38  54    58   59
38  54    55   59
54  55    59   75
54  55    71   75
54  58    59   75
54  58    74   75
54  70    74   75
54  70    71   75
70  71    75   91
70  71    87   91
70  74    75   91
70  74    90   91
70  86    90   91
70  86    87   91
10  11    15   31
10  11    27   31
10  14    15   31
10  14    30   31
10  26    30   31
10  26    27   31
26  27    31   47
26  27    43   47
26  30    31   47
26  30    46   47
26  42    46   47
26  42    43   47
42  43    47   63
42  43    59   63
42  46    47   63
42  46    62   63
42  58    62   63
42  58    59   63
58  59    63   79
58  59    75   79
58  62    63   79
58  62    78   79
58  74    78   79
58  74    75   79
74  75    79   95
74  75    91   95
74  78    79   95
74  78    94   95
74  90    94   95
74  90    91   95
c4n = 
0.000000000  0.000000000  0.000000000
0.000000000  0.000000000  1.000000000
0.000000000  0.000000000  2.000000000
0.000000000  0.000000000  3.000000000
0.000000000  1.000000000  0.000000000
0.000000000  1.000000000  1.000000000
0.000000000  1.000000000  2.000000000
0.000000000  1.000000000  3.000000000
0.000000000  2.000000000  0.000000000
0.000000000  2.000000000  1.000000000
0.000000000  2.000000000  2.000000000
0.000000000  2.000000000  3.000000000
0.000000000  3.000000000  0.000000000
0.000000000  3.000000000  1.000000000
0.000000000  3.000000000  2.000000000
0.000000000  3.000000000  3.000000000
1.000000000  0.000000000  0.000000000
1.000000000  0.000000000  1.000000000
1.000000000  0.000000000  2.000000000
1.000000000  0.000000000  3.000000000
1.000000000  1.000000000  0.000000000
1.000000000  1.000000000  1.000000000
1.000000000  1.000000000  2.000000000
1.000000000  1.000000000  3.000000000
1.000000000  2.000000000  0.000000000
1.000000000  2.000000000  1.000000000
1.000000000  2.000000000  2.000000000
1.000000000  2.000000000  3.000000000
1.000000000  3.000000000  0.000000000
1.000000000  3.000000000  1.000000000
1.000000000  3.000000000  2.000000000
1.000000000  3.000000000  3.000000000
2.000000000  0.000000000  0.000000000
2.000000000  0.000000000  1.000000000
2.000000000  0.000000000  2.000000000
2.000000000  0.000000000  3.000000000
2.000000000  1.000000000  0.000000000
2.000000000  1.000000000  1.000000000
2.000000000  1.000000000  2.000000000
2.000000000  1.000000000  3.000000000
2.000000000  2.000000000  0.000000000
2.000000000  2.000000000  1.000000000
2.000000000  2.000000000  2.000000000
2.000000000  2.000000000  3.000000000
2.000000000  3.000000000  0.000000000
2.000000000  3.000000000  1.000000000
2.000000000  3.000000000  2.000000000
2.000000000  3.000000000  3.000000000
3.000000000  0.000000000  0.000000000
3.000000000  0.000000000  1.000000000
3.000000000  0.000000000  2.000000000
3.000000000  0.000000000  3.000000000
3.000000000  1.000000000  0.000000000
3.000000000  1.000000000  1.000000000
3.000000000  1.000000000  2.000000000
3.000000000  1.000000000  3.000000000
3.000000000  2.000000000  0.000000000
3.000000000  2.000000000  1.000000000
3.000000000  2.000000000  2.000000000
3.000000000  2.000000000  3.000000000
3.000000000  3.000000000  0.000000000
3.000000000  3.000000000  1.000000000
3.000000000  3.000000000  2.000000000
3.000000000  3.000000000  3.000000000
4.000000000  0.000000000  0.000000000
4.000000000  0.000000000  1.000000000
4.000000000  0.000000000  2.000000000
4.000000000  0.000000000  3.000000000
4.000000000  1.000000000  0.000000000
4.000000000  1.000000000  1.000000000
4.000000000  1.000000000  2.000000000
4.000000000  1.000000000  3.000000000
4.000000000  2.000000000  0.000000000
4.000000000  2.000000000  1.000000000
4.000000000  2.000000000  2.000000000
4.000000000  2.000000000  3.000000000
4.000000000  3.000000000  0.000000000
4.000000000  3.000000000  1.000000000
4.000000000  3.000000000  2.000000000
4.000000000  3.000000000  3.000000000
5.000000000  0.000000000  0.000000000
5.000000000  0.000000000  1.000000000
5.000000000  0.000000000  2.000000000
5.000000000  0.000000000  3.000000000
5.000000000  1.000000000  0.000000000
5.000000000  1.000000000  1.000000000
5.000000000  1.000000000  2.000000000
5.000000000  1.000000000  3.000000000
5.000000000  2.000000000  0.000000000
5.000000000  2.000000000  1.000000000
5.000000000  2.000000000  2.000000000
5.000000000  2.000000000  3.000000000
5.000000000  3.000000000  0.000000000
5.000000000  3.000000000  1.000000000
5.000000000  3.000000000  2.000000000
5.000000000  3.000000000  3.000000000
