nE = 1470; nC = 384
n4e = 
0  1    9   73
0  1    65   73
0  8    9   73
0  8    72   73
0  64    72   73
0  64    65   73
64  65    73   137
64  65    129   137
64  72    73   137
64  72    136   137
64  128    136   137
64  128    129   137
128  129    137   201
128  129    193   201
128  136    137   201
128  136    200   201
128  192    200   201
128  192    193   201
192  193    201   265
192  193    257   265
192  200    201   265
192  200    264   265
192  256    264   265
192  256    257   265
256  257    265   329
256  257    321   329
256  264    265   329
256  264    328   329
256  320    328   329
256  320    321   329
8  9    17   81
8  9    73   81
8  16    17   81
8  16    80   81
8  72    80   81
8  72    73   81
72  73    81   145
72  73    137   145
72  80    81   145
72  80    144   145
72  136    144   145
72  136    137   145
136  137    145   209
136  137    201   209
136  144    145   209
136  144    208   209
136  200    208   209
136  200    201   209
200  201    209   273
200  201    265   273
200  208    209   273
200  208    272   273
200  264    272   273
200  264    265   273
264  265    273   337
264  265    329   337
264  272    273   337
264  272    336   337
264  328    336   337
264  328    329   337
16  17    25   89
16  17    81   89
16  24    25   89
16  24    88   89
16  80    88   89
16  80    81   89
80  81    89   153
80  81    145   153
80  88    89   153
80  88    152   153
80  144    152   153
80  144    145   153
144  145    153   217
144  145    209   217
144  152    153   217
144  152    216   217
144  208    216   217
144  208    209   217
208  209    217   281
208  209    273   281
208  216    217   281
208  216    280   281
208  272    280   281
208  272    273   281
272  273    281   345
272  273    337   345
272  280    281   345
272  280    344   345
272  336    344   345
272  336    337   345
24  25    33   97
24  25    89   97
24  32    33   97
24  32    96   97
24  88    96   97
24  88    89   97
88  89    97   161
88  89    153   161
88  96    97   161
88  96    160   161
88  152    160   161
88  152    153   161
152  153    161   225
152  153    217   225
152  160    161   225
152  160    224   225
152  216    224   225
152  216    217   225
216  217    225   289
216  217    281   289
216  224    225   289
216  224    288   289
216  280    288   289
216  280    281   289
280  281    289   353
280  281    345   353
280  288    289   353
280  288    352   353
280  344    352   353
280  344    345   353
32  33    41   105
32  33    97   105
32  40    41   105
32  40    104   105
32  96    104   105
32  96    97   105
96  97    105   169
96  97    161   169
96  104    105   169
96  104    168   169
96  160    168   169
96  160    161   169
160  161    169   233
160  161    225   233
160  168    169   233
160  168    232   233
160  224    232   233
160  224    225   233
224  225    233   297
224  225    289   297
224  232    233   297
224  232    296   297
224  288    296   297
224  288    289   297
288  289    297   361
288  289    353   361
288  296    297   361
288  296    360   361
288  352    360   361
288  352    353   361
40  41    49   113
40  41    105   113
40  48    49   113
40  48    112   113
40  104    112   113
40  104    105   113
104  105    113   177
104  105    169   177
104  112    113   177
104  112    176   177
104  168    176   177
104  168    169   177
168  169    177   241
168  169    233   241
168  176    177   241
168  176    240   241
168  232    240   241
168  232    233   241
232  233    241   305
232  233    297   305
232  240    241   305
232  240    304   305
232  296    304   305
232  296    297   305
296  297    305   369
296  297    361   369
296  304    305   369
296  304    368   369
296  360    368   369
296  360    361   369
48  49    57   121
48  49    113   121
48  56    57   121
48  56    120   121
48  112    120   121
48  112    113   121
112  113    121   185
112  113    177   185
112  120    121   185
112  120    184   185
112  176    184   185
112  176    177   185
176  177    185   249
176  177    241   249
176  184    185   249
176  184    248   249
176  240    248   249
176  240    241   249
240  241    249   313
240  241    305   313
240  248    249   313
240  248    312   313
240  304    312   313
240  304    305   313
304  305    313   377
304  305    369   377
304  312    313   377
304  312    376   377
304  368    376   377
304  368    369   377
1  2    10   74
1  2    66   74
1  9    10   74
1  9    73   74
1  65    73   74
1  65    66   74
65  66    74   138
65  66    130   138
65  73    74   138
65  73    137   138
65  129    137   138
65  129    130   138
129  130    138   202
129  130    194   202
129  137    138   202
129  137    201   202
129  193    201   202
129  193    194   202
193  194    202   266
193  194    258   266
193  201    202   266
193  201    265   266
193  257    265   266
193  257    258   266
257  258    266   330
257  258    322   330
257  265    266   330
257  265    329   330
257  321    329   330
257  321    322   330
9  10    18   82
9  10    74   82
9  17    18   82
9  17    81   82
9  73    81   82
9  73    74   82
73  74    82   146
73  74    138   146
73  81    82   146
73  81    145   146
73  137    145   146
73  137    138   146
137  138    146   210
137  138    202   210
137  145    146   210
137  145    209   210
137  201    209   210
137  201    202   210
201  202    210   274
201  202    266   274
201  209    210   274
201  209    273   274
201  265    273   274
201  265    266   274
265  266    274   338
265  266    330   338
265  273    274   338
265  273    337   338
265  329    337   338
265  329    330   338
17  18    26   90
17  18    82   90
17  25    26   90
17  25    89   90
17  81    89   90
17  81    82   90
81  82    90   154
81  82    146   154
81  89    90   154
81  89    153   154
81  145    153   154
81  145    146   154
145  146    154   218
145  146    210   218
145  153    154   218
145  153    217   218
145  209    217   218
145  209    210   218
209  210    218   282
209  210    274   282
209  217    218   282
209  217    281   282
209  273    281   282
209  273    274   282
273  274    282   346
273  274    338   346
273  281    282   346
273  281    345   346
273  337    345   346
273  337    338   346
25  26    34   98
25  26    90   98
25  33    34   98
25  33    97   98
25  89    97   98
25  89    90   98
89  90    98   162
89  90    154   162
89  97    98   162
89  97    161   162
89  153    161   162
89  153    154   162
153  154    162   226
153  154    218   226
153  161    162   226
153  161    225   226
153  217    225   226
153  217    218   226
217  218    226   290
217  218    282   290
217  225    226   290
217  225    289   290
217  281    289   290
217  281    282   290
281  282    290   354
281  282    346   354
281  289    290   354
281  289    353   354
281  345    353   354
281  345    346   354
33  34    42   106
33  34    98   106
33  41    42   106
33  41    105   106
33  97    105   106
33  97    98   106
97  98    106   170
97  98    162   170
97  105    106   170
97  105    169   170
97  161    169   170
97  161    162   170
161  162    170   234
161  162    226   234
161  169    170   234
161  169    233   234
161  225    233   234
161  225    226   234
225  226    234   298
225  226    290   298
225  233    234   298
225  233    297   298
225  289    297   298
225  289    290   298
289  290    298   362
289  290    354   362
289  297    298   362
289  297    361   362
289  353    361   362
289  353    354   362
41  42    50   114
41  42    106   114
41  49    50   114
41  49    113   114
41  105    113   114
41  105    106   114
105  106    114   178
105  106    170   178
105  113    114   178
105  113    177   178
105  169    177   178
105  169    170   178
169  170    178   242
169  170    234   242
169  177    178   242
169  177    241   242
169  233    241   242
169  233    234   242
233  234    242   306
233  234    298   306
233  241    242   306
233  241    305   306
233  297    305   306
233  297    298   306
297  298    306   370
297  298    362   370
297  305    306   370
297  305    369   370
297  361    369   370
297  361    362   370
49  50    58   122
49  50    114   122
49  57    58   122
49  57    121   122
49  113    121   122
49  113    114   122
113  114    122   186
113  114    178   186
113  121    122   186
113  121    185   186
113  177    185   186
113  177    178   186
177  178    186   250
177  178    242   250
177  185    186   250
177  185    249   250
177  241    249   250
177  241    242   250
241  242    250   314
241  242    306   314
241  249    250   314
241  249    313   314
241  305    313   314
241  305    306   314
305  306    314   378
305  306    370   378
305  313    314   378
305  313    377   378
305  369    377   378
305  369    370   378
2  3    11   75
2  3    67   75
2  10    11   75
2  10    74   75
2  66    74   75
2  66    67   75
66  67    75   139
66  67    131   139
66  74    75   139
66  74    138   139
66  130    138   139
66  130    131   139
130  131    139   203
130  131    195   203
130  138    139   203
130  138    202   203
130  194    202   203
130  194    195   203
194  195    203   267
194  195    259   267
194  202    203   267
194  202    266   267
194  258    266   267
194  258    259   267
258  259    267   331
258  259    323   331
258  266    267   331
258  266    330   331
258  322    330   331
258  322    323   331
10  11    19   83
10  11    75   83
10  18    19   83
10  18    82   83
10  74    82   83
10  74    75   83
74  75    83   147
74  75    139   147
74  82    83   147
74  82    146   147
74  138    146   147
74  138    139   147
138  139    147   211
138  139    203   211
138  146    147   211
138  146    210   211
138  202    210   211
138  202    203   211
202  203    211   275
202  203    267   275
202  210    211   275
202  210    274   275
202  266    274   275
202  266    267   275
266  267    275   339
266  267    331   339
266  274    275   339
266  274    338   339
266  330    338   339
266  330    331   339
18  19    27   91
18  19    83   91
18  26    27   91
18  26    90   91
18  82    90   91
18  82    83   91
82  83    91   155
82  83    147   155
82  90    91   155
82  90    154   155
82  146    154   155
82  146    147   155
146  147    155   219
146  147    211   219
146  154    155   219
146  154    218   219
146  210    218   219
146  210    211   219
210  211    219   283
210  211    275   283
210  218    219   283
210  218    282   283
210  274    282   283
210  274    275   283
274  275    283   347
274  275    339   347
274  282    283   347
274  282    346   347
274  338    346   347
274  338    339   347
26  27    35   99
26  27    91   99
26  34    35   99
26  34    98   99
26  90    98   99
26  90    91   99
90  91    99   163
90  91    155   163
90  98    99   163
90  98    162   163
90  154    162   163
90  154    155   163
154  155    163   227
154  155    219   227
154  162    163   227
154  162    226   227
154  218    226   227
154  218    219   227
218  219    227   291
218  219    283   291
218  226    227   291
218  226    290   291
218  282    290   291
218  282    283   291
282  283    291   355
282  283    347   355
282  290    291   355
282  290    354   355
282  346    354   355
282  346    347   355
34  35    43   107
34  35    99   107
34  42    43   107
34  42    106   107
34  98    106   107
34  98    99   107
98  99    107   171
98  99    163   171
98  106    107   171
98  106    170   171
98  162    170   171
98  162    163   171
162  163    171   235
162  163    227   235
162  170    171   235
162  170    234   235
162  226    234   235
162  226    227   235
226  227    235   299
226  227    291   299
226  234    235   299
226  234    298   299
226  290    298   299
226  290    291   299
290  291    299   363
290  291    355   363
290  298    299   363
290  298    362   363
290  354    362   363
290  354    355   363
42  43    51   115
42  43    107   115
42  50    51   115
42  50    114   115
42  106    114   115
42  106    107   115
106  107    115   179
106  107    171   179
106  114    115   179
106  114    178   179
106  170    178   179
106  170    171   179
170  171    179   243
170  171    235   243
170  178    179   243
170  178    242   243
170  234    242   243
170  234    235   243
234  235    243   307
234  235    299   307
234  242    243   307
234  242    306   307
234  298    306   307
234  298    299   307
298  299    307   371
298  299    363   371
298  306    307   371
298  306    370   371
298  362    370   371
298  362    363   371
50  51    59   123
50  51    115   123
50  58    59   123
50  58    122   123
50  114    122   123
50  114    115   123
114  115    123   187
114  115    179   187
114  122    123   187
114  122    186   187
114  178    186   187
114  178    179   187
178  179    187   251
178  179    243   251
178  186    187   251
178  186    250   251
178  242    250   251
178  242    243   251
242  243    251   315
242  243    307   315
242  250    251   315
242  250    314   315
242  306    314   315
242  306    307   315
306  307    315   379
306  307    371   379
306  314    315   379
306  314    378   379
306  370    378   379
306  370    371   379
3  4    12   76
3  4    68   76
3  11    12   76
3  11    75   76
3  67    75   76
3  67    68   76
67  68    76   140
67  68    132   140
67  75    76   140
67  75    139   140
67  131    139   140
67  131    132   140
131  132    140   204
131  132    196   204
131  139    140   204
131  139    203   204
131  195    203   204
131  195    196   204
195  196    204   268
195  196    260   268
195  203    204   268
195  203    267   268
195  259    267   268
195  259    260   268
259  260    268   332
259  260    324   332
259  267    268   332
259  267    331   332
259  323    331   332
259  323    324   332
11  12    20   84
11  12    76   84
11  19    20   84
11  19    83   84
11  75    83   84
11  75    76   84
75  76    84   148
75  76    140   148
75  83    84   148
75  83    147   148
75  139    147   148
75  139    140   148
139  140    148   212
139  140    204   212
139  147    148   212
139  147    211   212
139  203    211   212
139  203    204   212
203  204    212   276
203  204    268   276
203  211    212   276
203  211    275   276
203  267    275   276
203  267    268   276
267  268    276   340
267  268    332   340
267  275    276   340
267  275    339   340
267  331    339   340
267  331    332   340
19  20    28   92
19  20    84   92
19  27    28   92
19  27    91   92
19  83    91   92
19  83    84   92
83  84    92   156
83  84    148   156
83  91    92   156
83  91    155   156
83  147    155   156
83  147    148   156
147  148    156   220
147  148    212   220
147  155    156   220
147  155    219   220
147  211    219   220
147  211    212   220
211  212    220   284
211  212    276   284
211  219    220   284
211  219    283   284
211  275    283   284
211  275    276   284
275  276    284   348
275  276    340   348
275  283    284   348
275  283    347   348
275  339    347   348
275  339    340   348
27  28    36   100
27  28    92   100
27  35    36   100
27  35    99   100
27  91    99   100
27  91    92   100
91  92    100   164
91  92    156   164
91  99    100   164
91  99    163   164
91  155    163   164
91  155    156   164
155  156    164   228
155  156    220   228
155  163    164   228
155  163    227   228
155  219    227   228
155  219    220   228
219  220    228   292
219  220    284   292
219  227    228   292
219  227    291   292
219  283    291   292
219  283    284   292
283  284    292   356
283  284    348   356
283  291    292   356
283  291    355   356
283  347    355   356
283  347    348   356
35  36    44   108
35  36    100   108
35  43    44   108
35  43    107   108
35  99    107   108
35  99    100   108
99  100    108   172
99  100    164   172
99  107    108   172
99  107    171   172
99  163    171   172
99  163    164   172
163  164    172   236
163  164    228   236
163  171    172   236
163  171    235   236
163  227    235   236
163  227    228   236
227  228    236   300
227  228    292   300
227  235    236   300
227  235    299   300
227  291    299   300
227  291    292   300
291  292    300   364
291  292    356   364
291  299    300   364
291  299    363   364
291  355    363   364
291  355    356   364
43  44    52   116
43  44    108   116
43  51    52   116
43  51    115   116
43  107    115   116
43  107    108   116
107  108    116   180
107  108    172   180
107  115    116   180
107  115    179   180
107  171    179   180
107  171    172   180
171  172    180   244
171  172    236   244
171  179    180   244
171  179    243   244
171  235    243   244
171  235    236   244
235  236    244   308
235  236    300   308
235  243    244   308
235  243    307   308
235  299    307   308
235  299    300   308
299  300    308   372
299  300    364   372
299  307    308   372
299  307    371   372
299  363    371   372
299  363    364   372
51  52    60   124
51  52    116   124
51  59    60   124
51  59    123   124
51  115    123   124
51  115    116   124
115  116    124   188
115  116    180   188
115  123    124   188
115  123    187   188
115  179    187   188
115  179    180   188
179  180    188   252
179  180    244   252
179  187    188   252
179  187    251   252
179  243    251   252
179  243    244   252
243  244    252   316
243  244    308   316
243  251    252   316
243  251    315   316
243  307    315   316
243  307    308   316
307  308    316   380
307  308    372   380
307  315    316   380
307  315    379   380
307  371    379   380
307  371    372   380
4  5    13   77
4  5    69   77
4  12    13   77
4  12    76   77
4  68    76   77
4  68    69   77
68  69    77   141
68  69    133   141
68  76    77   141
68  76    140   141
68  132    140   141
68  132    133   141
132  133    141   205
132  133    197   205
132  140    141   205
132  140    204   205
132  196    204   205
132  196    197   205
196  197    205   269
196  197    261   269
196  204    205   269
196  204    268   269
196  260    268   269
196  260    261   269
260  261    269   333
260  261    325   333
260  268    269   333
260  268    332   333
260  324    332   333
260  324    325   333
12  13    21   85
12  13    77   85
12  20    21   85
12  20    84   85
12  76    84   85
12  76    77   85
76  77    85   149
76  77    141   149
76  84    85   149
76  84    148   149
76  140    148   149
76  140    141   149
140  141    149   213
140  141    205   213
140  148    149   213
140  148    212   213
140  204    212   213
140  204    205   213
204  205    213   277
204  205    269   277
204  212    213   277
204  212    276   277
204  268    276   277
204  268    269   277
268  269    277   341
268  269    333   341
268  276    277   341
268  276    340   341
268  332    340   341
268  332    333   341
20  21    29   93
20  21    85   93
20  28    29   93
20  28    92   93
20  84    92   93
20  84    85   93
84  85    93   157
84  85    149   157
84  92    93   157
84  92    156   157
84  148    156   157
84  148    149   157
148  149    157   221
148  149    213   221
148  156    157   221
148  156    220   221
148  212    220   221
148  212    213   221
212  213    221   285
212  213    277   285
212  220    221   285
212  220    284   285
212  276    284   285
212  276    277   285
276  277    285   349
276  277    341   349
276  284    285   349
276  284    348   349
276  340    348   349
276  340    341   349
28  29    37   101
28  29    93   101
28  36    37   101
28  36    100   101
28  92    100   101
28  92    93   101
92  93    101   165
92  93    157   165
92  100    101   165
92  100    164   165
92  156    164   165
92  156    157   165
156  157    165   229
156  157    221   229
156  164    165   229
156  164    228   229
156  220    228   229
156  220    221   229
220  221    229   293
220  221    285   293
220  228    229   293
220  228    292   293
220  284    292   293
220  284    285   293
284  285    293   357
284  285    349   357
284  292    293   357
284  292    356   357
284  348    356   357
284  348    349   357
36  37    45   109
36  37    101   109
36  44    45   109
36  44    108   109
36  100    108   109
36  100    101   109
100  101    109   173
100  101    165   173
100  108    109   173
100  108    172   173
100  164    172   173
100  164    165   173
164  165    173   237
164  165    229   237
164  172    173   237
164  172    236   237
164  228    236   237
164  228    229   237
228  229    237   301
228  229    293   301
228  236    237   301
228  236    300   301
228  292    300   301
228  292    293   301
292  293    301   365
292  293    357   365
292  300    301   365
292  300    364   365
292  356    364   365
292  356    357   365
44  45    53   117
44  45    109   117
44  52    53   117
44  52    116   117
44  108    116   117
44  108    109   117
108  109    117   181
108  109    173   181
108  116    117   181
108  116    180   181
108  172    180   181
108  172    173   181
172  173    181   245
172  173    237   245
172  180    181   245
172  180    244   245
172  236    244   245
172  236    237   245
236  237    245   309
236  237    301   309
236  244    245   309
236  244    308   309
236  300    308   309
236  300    301   309
300  301    309   373
300  301    365   373
300  308    309   373
300  308    372   373
300  364    372   373
300  364    365   373
52  53    61   125
52  53    117   125
52  60    61   125
52  60    124   125
52  116    124   125
52  116    117   125
116  117    125   189
116  117    181   189
116  124    125   189
116  124    188   189
116  180    188   189
116  180    181   189
180  181    189   253
180  181    245   253
180  188    189   253
180  188    252   253
180  244    252   253
180  244    245   253
244  245    253   317
244  245    309   317
244  252    253   317
244  252    316   317
244  308    316   317
244  308    309   317
308  309    317   381
308  309    373   381
308  316    317   381
308  316    380   381
308  372    380   381
308  372    373   381
5  6    14   78
5  6    70   78
5  13    14   78
5  13    77   78
5  69    77   78
5  69    70   78
69  70    78   142
69  70    134   142
69  77    78   142
69  77    141   142
69  133    141   142
69  133    134   142
133  134    142   206
133  134    198   206
133  141    142   206
133  141    205   206
133  197    205   206
133  197    198   206
197  198    206   270
197  198    262   270
197  205    206   270
197  205    269   270
197  261    269   270
197  261    262   270
261  262    270   334
261  262    326   334
261  269    270   334
261  269    333   334
261  325    333   334
261  325    326   334
13  14    22   86
13  14    78   86
13  21    22   86
13  21    85   86
13  77    85   86
13  77    78   86
77  78    86   150
77  78    142   150
77  85    86   150
77  85    149   150
77  141    149   150
77  141    142   150
141  142    150   214
141  142    206   214
141  149    150   214
141  149    213   214
141  205    213   214
141  205    206   214
205  206    214   278
205  206    270   278
205  213    214   278
205  213    277   278
205  269    277   278
205  269    270   278
269  270    278   342
269  270    334   342
269  277    278   342
269  277    341   342
269  333    341   342
269  333    334   342
21  22    30   94
21  22    86   94
21  29    30   94
21  29    93   94
21  85    93   94
21  85    86   94
85  86    94   158
85  86    150   158
85  93    94   158
85  93    157   158
85  149    157   158
85  149    150   158
149  150    158   222
149  150    214   222
149  157    158   222
149  157    221   222
149  213    221   222
149  213    214   222
213  214    222   286
213  214    278   286
213  221    222   286
213  221    285   286
213  277    285   286
213  277    278   286
277  278    286   350
277  278    342   350
277  285    286   350
277  285    349   350
277  341    349   350
277  341    342   350
29  30    38   102
29  30    94   102
29  37    38   102
29  37    101   102
29  93    101   102
29  93    94   102
93  94    102   166
93  94    158   166
93  101    102   166
93  101    165   166
93  157    165   166
93  157    158   166
157  158    166   230
157  158    222   230
157  165    166   230
157  165    229   230
157  221    229   230
157  221    222   230
221  222    230   294
221  222    286   294
221  229    230   294
221  229    293   294
221  285    293   294
221  285    286   294
285  286    294   358
285  286    350   358
285  293    294   358
285  293    357   358
285  349    357   358
285  349    350   358
37  38    46   110
37  38    102   110
37  45    46   110
37  45    109   110
37  101    109   110
37  101    102   110
101  102    110   174
101  102    166   174
101  109    110   174
101  109    173   174
101  165    173   174
101  165    166   174
165  166    174   238
165  166    230   238
165  173    174   238
165  173    237   238
165  229    237   238
165  229    230   238
229  230    238   302
229  230    294   302
229  237    238   302
229  237    301   302
229  293    301   302
229  293    294   302
293  294    302   366
293  294    358   366
293  301    302   366
293  301    365   366
293  357    365   366
293  357    358   366
45  46    54   118
45  46    110   118
45  53    54   118
45  53    117   118
45  109    117   118
45  109    110   118
109  110    118   182
109  110    174   182
109  117    118   182
109  117    181   182
109  173    181   182
109  173    174   182
173  174    182   246
173  174    238   246
173  181    182   246
173  181    245   246
173  237    245   246
173  237    238   246
237  238    246   310
237  238    302   310
237  245    246   310
237  245    309   310
237  301    309   310
237  301    302   310
301  302    310   374
301  302    366   374
301  309    310   374
301  309    373   374
301  365    373   374
301  365    366   374
53  54    62   126
53  54    118   126
53  61    62   126
53  61    125   126
53  117    125   126
53  117    118   126
117  118    126   190
117  118    182   190
117  125    126   190
117  125    189   190
117  181    189   190
117  181    182   190
181  182    190   254
181  182    246   254
181  189    190   254
181  189    253   254
181  245    253   254
181  245    246   254
245  246    254   318
245  246    310   318
245  253    254   318
245  253    317   318
245  309    317   318
245  309    310   318
309  310    318   382
309  310    374   382
309  317    318   382
309  317    381   382
309  373    381   382
309  373    374   382
6  7    15   79
6  7    71   79
6  14    15   79
6  14    78   79
6  70    78   79
6  70    71   79
70  71    79   143
70  71    135   143
70  78    79   143
70  78    142   143
70  134    142   143
70  134    135   143
134  135    143   207
134  135    199   207
134  142    143   207
134  142    206   207
134  198    206   207
134  198    199   207
198  199    207   271
198  199    263   271
198  206    207   271
198  206    270   271
198  262    270   271
198  262    263   271
262  263    271   335
262  263    327   335
262  270    271   335
262  270    334   335
262  326    334   335
262  326    327   335
14  15    23   87
14  15    79   87
14  22    23   87
14  22    86   87
14  78    86   87
14  78    79   87
78  79    87   151
78  79    143   151
78  86    87   151
78  86    150   151
78  142    150   151
78  142    143   151
142  143    151   215
142  143    207   215
142  150    151   215
142  150    214   215
142  206    214   215
142  206    207   215
206  207    215   279
206  207    271   279
206  214    215   279
206  214    278   279
206  270    278   279
206  270    271   279
270  271    279   343
270  271    335   343
270  278    279   343
270  278    342   343
270  334    342   343
270  334    335   343
22  23    31   95
22  23    87   95
22  30    31   95
22  30    94   95
22  86    94   95
22  86    87   95
86  87    95   159
86  87    151   159
86  94    95   159
86  94    158   159
86  150    158   159
86  150    151   159
150  151    159   223
150  151    215   223
150  158    159   223
150  158    222   223
150  214    222   223
150  214    215   223
214  215    223   287
214  215    279   287
214  222    223   287
214  222    286   287
214  278    286   287
214  278    279   287
278  279    287   351
278  279    343   351
278  286    287   351
278  286    350   351
278  342    350   351
278  342    343   351
30  31    39   103
30  31    95   103
30  38    39   103
30  38    102   103
30  94    102   103
30  94    95   103
94  95    103   167
94  95    159   167
94  102    103   167
94  102    166   167
94  158    166   167
94  158    159   167
158  159    167   231
158  159    223   231
158  166    167   231
158  166    230   231
158  222    230   231
158  222    223   231
222  223    231   295
222  223    287   295
222  230    231   295
222  230    294   295
222  286    294   295
222  286    287   295
286  287    295   359
286  287    351   359
286  294    295   359
286  294    358   359
286  350    358   359
286  350    351   359
38  39    47   111
38  39    103   111
38  46    47   111
38  46    110   111
38  102    110   111
38  102    103   111
102  103    111   175
102  103    167   175
102  110    111   175
102  110    174   175
102  166    174   175
102  166    167   175
166  167    175   239
166  167    231   239
166  174    175   239
166  174    238   239
166  230    238   239
166  230    231   239
230  231    239   303
230  231    295   303
230  238    239   303
230  238    302   303
230  294    302   303
230  294    295   303
294  295    303   367
294  295    359   367
294  302    303   367
294  302    366   367
294  358    366   367
294  358    359   367
46  47    55   119
46  47    111   119
46  54    55   119
46  54    118   119
46  110    118   119
46  110    111   119
110  111    119   183
110  111    175   183
110  118    119   183
110  118    182   183
110  174    182   183
110  174    175   183
174  175    183   247
174  175    239   247
174  182    183   247
174  182    246   247
174  238    246   247
174  238    239   247
238  239    247   311
238  239    303   311
238  246    247   311
238  246    310   311
238  302    310   311
238  302    303   311
302  303    311   375
302  303    367   375
302  310    311   375
302  310    374   375
302  366    374   375
302  366    367   375
54  55    63   127
54  55    119   127
54  62    63   127
54  62    126   127
54  118    126   127
54  118    119   127
118  119    127   191
118  119    183   191
118  126    127   191
118  126    190   191
118  182    190   191
118  182    183   191
182  183    191   255
182  183    247   255
182  190    191   255
182  190    254   255
182  246    254   255
182  246    247   255
246  247    255   319
246  247    311   319
246  254    255   319
246  254    318   319
246  310    318   319
246  310    311   319
310  311    319   383
310  311    375   383
310  318    319   383
310  318    382   383
310  374    382   383
310  374    375   383
c4n = 
0.000000000  0.000000000  0.000000000
0.000000000  0.000000000  1.000000000
0.000000000  0.000000000  2.000000000
0.000000000  0.000000000  3.000000000
0.000000000  0.000000000  4.000000000
0.000000000  0.000000000  5.000000000
0.000000000  0.000000000  6.000000000
0.000000000  0.000000000  7.000000000
0.000000000  1.000000000  0.000000000
0.000000000  1.000000000  1.000000000
0.000000000  1.000000000  2.000000000
0.000000000  1.000000000  3.000000000
0.000000000  1.000000000  4.000000000
0.000000000  1.000000000  5.000000000
0.000000000  1.000000000  6.000000000
0.000000000  1.000000000  7.000000000
0.000000000  2.000000000  0.000000000
0.000000000  2.000000000  1.000000000
0.000000000  2.000000000  2.000000000
0.000000000  2.000000000  3.000000000
0.000000000  2.000000000  4.000000000
0.000000000  2.000000000  5.000000000
0.000000000  2.000000000  6.000000000
0.000000000  2.000000000  7.000000000
0.000000000  3.000000000  0.000000000
0.000000000  3.000000000  1.000000000
0.000000000  3.000000000  2.000000000
0.000000000  3.000000000  3.000000000
0.000000000  3.000000000  4.000000000
0.000000000  3.000000000  5.000000000
0.000000000  3.000000000  6.000000000
0.000000000  3.000000000  7.000000000
0.000000000  4.000000000  0.000000000
0.000000000  4.000000000  1.000000000
0.000000000  4.000000000  2.000000000
0.000000000  4.000000000  3.000000000
0.000000000  4.000000000  4.000000000
0.000000000  4.000000000  5.000000000
0.000000000  4.000000000  6.000000000
0.000000000  4.000000000  7.000000000
0.000000000  5.000000000  0.000000000
0.000000000  5.000000000  1.000000000
0.000000000  5.000000000  2.000000000
0.000000000  5.000000000  3.000000000
0.000000000  5.000000000  4.000000000
0.000000000  5.000000000  5.000000000
0.000000000  5.000000000  6.000000000
0.000000000  5.000000000  7.000000000
0.000000000  6.000000000  0.000000000
0.000000000  6.000000000  1.000000000
0.000000000  6.000000000  2.000000000
0.000000000  6.000000000  3.000000000
0.000000000  6.000000000  4.000000000
0.000000000  6.000000000  5.000000000
0.000000000  6.000000000  6.000000000
0.000000000  6.000000000  7.000000000
0.000000000  7.000000000  0.000000000
0.000000000  7.000000000  1.000000000
0.000000000  7.000000000  2.000000000
0.000000000  7.000000000  3.000000000
0.000000000  7.000000000  4.000000000
0.000000000  7.000000000  5.000000000
0.000000000  7.000000000  6.000000000
0.000000000  7.000000000  7.000000000
1.000000000  0.000000000  0.000000000
1.000000000  0.000000000  1.000000000
1.000000000  0.000000000  2.000000000
1.000000000  0.000000000  3.000000000
1.000000000  0.000000000  4.000000000
1.000000000  0.000000000  5.000000000
1.000000000  0.000000000  6.000000000
1.000000000  0.000000000  7.000000000
1.000000000  1.000000000  0.000000000
1.000000000  1.000000000  1.000000000
1.000000000  1.000000000  2.000000000
1.000000000  1.000000000  3.000000000
1.000000000  1.000000000  4.000000000
1.000000000  1.000000000  5.000000000
1.000000000  1.000000000  6.000000000
1.000000000  1.000000000  7.000000000
1.000000000  2.000000000  0.000000000
1.000000000  2.000000000  1.000000000
1.000000000  2.000000000  2.000000000
1.000000000  2.000000000  3.000000000
1.000000000  2.000000000  4.000000000
1.000000000  2.000000000  5.000000000
1.000000000  2.000000000  6.000000000
1.000000000  2.000000000  7.000000000
1.000000000  3.000000000  0.000000000
1.000000000  3.000000000  1.000000000
1.000000000  3.000000000  2.000000000
1.000000000  3.000000000  3.000000000
1.000000000  3.000000000  4.000000000
1.000000000  3.000000000  5.000000000
1.000000000  3.000000000  6.000000000
1.000000000  3.000000000  7.000000000
1.000000000  4.000000000  0.000000000
1.000000000  4.000000000  1.000000000
1.000000000  4.000000000  2.000000000
1.000000000  4.000000000  3.000000000
1.000000000  4.000000000  4.000000000
1.000000000  4.000000000  5.000000000
1.000000000  4.000000000  6.000000000
1.000000000  4.000000000  7.000000000
1.000000000  5.000000000  0.000000000
1.000000000  5.000000000  1.000000000
1.000000000  5.000000000  2.000000000
1.000000000  5.000000000  3.000000000
1.000000000  5.000000000  4.000000000
1.000000000  5.000000000  5.000000000
1.000000000  5.000000000  6.000000000
1.000000000  5.000000000  7.000000000
1.000000000  6.000000000  0.000000000
1.000000000  6.000000000  1.000000000
1.000000000  6.000000000  2.000000000
1.000000000  6.000000000  3.000000000
1.000000000  6.000000000  4.000000000
1.000000000  6.000000000  5.000000000
1.000000000  6.000000000  6.000000000
1.000000000  6.000000000  7.000000000
1.000000000  7.000000000  0.000000000
1.000000000  7.000000000  1.000000000
1.000000000  7.000000000  2.000000000
1.000000000  7.000000000  3.000000000
1.000000000  7.000000000  4.000000000
1.000000000  7.000000000  5.000000000
1.000000000  7.000000000  6.000000000
1.000000000  7.000000000  7.000000000
2.000000000  0.000000000  0.000000000
2.000000000  0.000000000  1.000000000
2.000000000  0.000000000  2.000000000
2.000000000  0.000000000  3.000000000
2.000000000  0.000000000  4.000000000
2.000000000  0.000000000  5.000000000
2.000000000  0.000000000  6.000000000
2.000000000  0.000000000  7.000000000
2.000000000  1.000000000  0.000000000
2.000000000  1.000000000  1.000000000
2.000000000  1.000000000  2.000000000
2.000000000  1.000000000  3.000000000
2.000000000  1.000000000  4.000000000
2.000000000  1.000000000  5.000000000
2.000000000  1.000000000  6.000000000
2.000000000  1.000000000  7.000000000
2.000000000  2.000000000  0.000000000
2.000000000  2.000000000  1.000000000
2.000000000  2.000000000  2.000000000
2.000000000  2.000000000  3.000000000
2.000000000  2.000000000  4.000000000
2.000000000  2.000000000  5.000000000
2.000000000  2.000000000  6.000000000
2.000000000  2.000000000  7.000000000
2.000000000  3.000000000  0.000000000
2.000000000  3.000000000  1.000000000
2.000000000  3.000000000  2.000000000
2.000000000  3.000000000  3.000000000
2.000000000  3.000000000  4.000000000
2.000000000  3.000000000  5.000000000
2.000000000  3.000000000  6.000000000
2.000000000  3.000000000  7.000000000
2.000000000  4.000000000  0.000000000
2.000000000  4.000000000  1.000000000
2.000000000  4.000000000  2.000000000
2.000000000  4.000000000  3.000000000
2.000000000  4.000000000  4.000000000
2.000000000  4.000000000  5.000000000
2.000000000  4.000000000  6.000000000
2.000000000  4.000000000  7.000000000
2.000000000  5.000000000  0.000000000
2.000000000  5.000000000  1.000000000
2.000000000  5.000000000  2.000000000
2.000000000  5.000000000  3.000000000
2.000000000  5.000000000  4.000000000
2.000000000  5.000000000  5.000000000
2.000000000  5.000000000  6.000000000
2.000000000  5.000000000  7.000000000
2.000000000  6.000000000  0.000000000
2.000000000  6.000000000  1.000000000
2.000000000  6.000000000  2.000000000
2.000000000  6.000000000  3.000000000
2.000000000  6.000000000  4.000000000
2.000000000  6.000000000  5.000000000
2.000000000  6.000000000  6.000000000
2.000000000  6.000000000  7.000000000
2.000000000  7.000000000  0.000000000
2.000000000  7.000000000  1.000000000
2.000000000  7.000000000  2.000000000
2.000000000  7.000000000  3.000000000
2.000000000  7.000000000  4.000000000
2.000000000  7.000000000  5.000000000
2.000000000  7.000000000  6.000000000
2.000000000  7.000000000  7.000000000
3.000000000  0.000000000  0.000000000
3.000000000  0.000000000  1.000000000
3.000000000  0.000000000  2.000000000
3.000000000  0.000000000  3.000000000
3.000000000  0.000000000  4.000000000
3.000000000  0.000000000  5.000000000
3.000000000  0.000000000  6.000000000
3.000000000  0.000000000  7.000000000
3.000000000  1.000000000  0.000000000
3.000000000  1.000000000  1.000000000
3.000000000  1.000000000  2.000000000
3.000000000  1.000000000  3.000000000
3.000000000  1.000000000  4.000000000
3.000000000  1.000000000  5.000000000
3.000000000  1.000000000  6.000000000
3.000000000  1.000000000  7.000000000
3.000000000  2.000000000  0.000000000
3.000000000  2.000000000  1.000000000
3.000000000  2.000000000  2.000000000
3.000000000  2.000000000  3.000000000
3.000000000  2.000000000  4.000000000
3.000000000  2.000000000  5.000000000
3.000000000  2.000000000  6.000000000
3.000000000  2.000000000  7.000000000
3.000000000  3.000000000  0.000000000
3.000000000  3.000000000  1.000000000
3.000000000  3.000000000  2.000000000
3.000000000  3.000000000  3.000000000
3.000000000  3.000000000  4.000000000
3.000000000  3.000000000  5.000000000
3.000000000  3.000000000  6.000000000
3.000000000  3.000000000  7.000000000
3.000000000  4.000000000  0.000000000
3.000000000  4.000000000  1.000000000
3.000000000  4.000000000  2.000000000
3.000000000  4.000000000  3.000000000
3.000000000  4.000000000  4.000000000
3.000000000  4.000000000  5.000000000
3.000000000  4.000000000  6.000000000
3.000000000  4.000000000  7.000000000
3.000000000  5.000000000  0.000000000
3.000000000  5.000000000  1.000000000
3.000000000  5.000000000  2.000000000
3.000000000  5.000000000  3.000000000
3.000000000  5.000000000  4.000000000
3.000000000  5.000000000  5.000000000
3.000000000  5.000000000  6.000000000
3.000000000  5.000000000  7.000000000
3.000000000  6.000000000  0.000000000
3.000000000  6.000000000  1.000000000
3.000000000  6.000000000  2.000000000
3.000000000  6.000000000  3.000000000
3.000000000  6.000000000  4.000000000
3.000000000  6.000000000  5.000000000
3.000000000  6.000000000  6.000000000
3.000000000  6.000000000  7.000000000
3.000000000  7.000000000  0.000000000
3.000000000  7.000000000  1.000000000
3.000000000  7.000000000  2.000000000
3.000000000  7.000000000  3.000000000
3.000000000  7.000000000  4.000000000
3.000000000  7.000000000  5.000000000
3.000000000  7.000000000  6.000000000
3.000000000  7.000000000  7.000000000
4.000000000  0.000000000  0.000000000
4.000000000  0.000000000  1.000000000
4.000000000  0.000000000  2.000000000
4.000000000  0.000000000  3.000000000
4.000000000  0.000000000  4.000000000
4.000000000  0.000000000  5.000000000
4.000000000  0.000000000  6.000000000
4.000000000  0.000000000  7.000000000
4.000000000  1.000000000  0.000000000
4.000000000  1.000000000  1.000000000
4.000000000  1.000000000  2.000000000
4.000000000  1.000000000  3.000000000
4.000000000  1.000000000  4.000000000
4.000000000  1.000000000  5.000000000
4.000000000  1.000000000  6.000000000
4.000000000  1.000000000  7.000000000
4.000000000  2.000000000  0.000000000
4.000000000  2.000000000  1.000000000
4.000000000  2.000000000  2.000000000
4.000000000  2.000000000  3.000000000
4.000000000  2.000000000  4.000000000
4.000000000  2.000000000  5.000000000
4.000000000  2.000000000  6.000000000
4.000000000  2.000000000  7.000000000
4.000000000  3.000000000  0.000000000
4.000000000  3.000000000  1.000000000
4.000000000  3.000000000  2.000000000
4.000000000  3.000000000  3.000000000
4.000000000  3.000000000  4.000000000
4.000000000  3.000000000  5.000000000
4.000000000  3.000000000  6.000000000
4.000000000  3.000000000  7.000000000
4.000000000  4.000000000  0.000000000
4.000000000  4.000000000  1.000000000
4.000000000  4.000000000  2.000000000
4.000000000  4.000000000  3.000000000
4.000000000  4.000000000  4.000000000
4.000000000  4.000000000  5.000000000
4.000000000  4.000000000  6.000000000
4.000000000  4.000000000  7.000000000
4.000000000  5.000000000  0.000000000
4.000000000  5.000000000  1.000000000
4.000000000  5.000000000  2.000000000
4.000000000  5.000000000  3.000000000
4.000000000  5.000000000  4.000000000
4.000000000  5.000000000  5.000000000
4.000000000  5.000000000  6.000000000
4.000000000  5.000000000  7.000000000
4.000000000  6.000000000  0.000000000
4.000000000  6.000000000  1.000000000
4.000000000  6.000000000  2.000000000
4.000000000  6.000000000  3.000000000
4.000000000  6.000000000  4.000000000
4.000000000  6.000000000  5.000000000
4.000000000  6.000000000  6.000000000
4.000000000  6.000000000  7.000000000
4.000000000  7.000000000  0.000000000
4.000000000  7.000000000  1.000000000
4.000000000  7.000000000  2.000000000
4.000000000  7.000000000  3.000000000
4.000000000  7.000000000  4.000000000
4.000000000  7.000000000  5.000000000
4.000000000  7.000000000  6.000000000
4.000000000  7.000000000  7.000000000
5.000000000  0.000000000  0.000000000
5.000000000  0.000000000  1.000000000
5.000000000  0.000000000  2.000000000
5.000000000  0.000000000  3.000000000
5.000000000  0.000000000  4.000000000
5.000000000  0.000000000  5.000000000
5.000000000  0.000000000  6.000000000
5.000000000  0.000000000  7.000000000
5.000000000  1.000000000  0.000000000
5.000000000  1.000000000  1.000000000
5.000000000  1.000000000  2.000000000
5.000000000  1.000000000  3.000000000
5.000000000  1.000000000  4.000000000
5.000000000  1.000000000  5.000000000
5.000000000  1.000000000  6.000000000
5.000000000  1.000000000  7.000000000
5.000000000  2.000000000  0.000000000
5.000000000  2.000000000  1.000000000
5.000000000  2.000000000  2.000000000
5.000000000  2.000000000  3.000000000
5.000000000  2.000000000  4.000000000
5.000000000  2.000000000  5.000000000
5.000000000  2.000000000  6.000000000
5.000000000  2.000000000  7.000000000
5.000000000  3.000000000  0.000000000
5.000000000  3.000000000  1.000000000
5.000000000  3.000000000  2.000000000
5.000000000  3.000000000  3.000000000
5.000000000  3.000000000  4.000000000
5.000000000  3.000000000  5.000000000
5.000000000  3.000000000  6.000000000
5.000000000  3.000000000  7.000000000
5.000000000  4.000000000  0.000000000
5.000000000  4.000000000  1.000000000
5.000000000  4.000000000  2.000000000
5.000000000  4.000000000  3.000000000
5.000000000  4.000000000  4.000000000
5.000000000  4.000000000  5.000000000
5.000000000  4.000000000  6.000000000
5.000000000  4.000000000  7.000000000
5.000000000  5.000000000  0.000000000
5.000000000  5.000000000  1.000000000
5.000000000  5.000000000  2.000000000
5.000000000  5.000000000  3.000000000
5.000000000  5.000000000  4.000000000
5.000000000  5.000000000  5.000000000
5.000000000  5.000000000  6.000000000
5.000000000  5.000000000  7.000000000
5.000000000  6.000000000  0.000000000
5.000000000  6.000000000  1.000000000
5.000000000  6.000000000  2.000000000
5.000000000  6.000000000  3.000000000
5.000000000  6.000000000  4.000000000
5.000000000  6.000000000  5.000000000
5.000000000  6.000000000  6.000000000
5.000000000  6.000000000  7.000000000
5.000000000  7.000000000  0.000000000
5.000000000  7.000000000  1.000000000
5.000000000  7.000000000  2.000000000
5.000000000  7.000000000  3.000000000
5.000000000  7.000000000  4.000000000
5.000000000  7.000000000  5.000000000
5.000000000  7.000000000  6.000000000
5.000000000  7.000000000  7.000000000
