nE = 480; nC = 150
n4e = 
0  1    6   31
0  1    26   31
0  5    6   31
0  5    30   31
0  25    30   31
0  25    26   31
25  26    31   56
25  26    51   56
25  30    31   56
25  30    55   56
25  50    55   56
25  50    51   56
50  51    56   81
50  51    76   81
50  55    56   81
50  55    80   81
50  75    80   81
50  75    76   81
75  76    81   106
75  76    101   106
75  80    81   106
75  80    105   106
75  100    105   106
75  100    101   106
100  101    106   131
100  101    126   131
100  105    106   131
100  105    130   131
100  125    130   131
100  125    126   131
5  6    11   36
5  6    31   36
5  10    11   36
5  10    35   36
5  30    35   36
5  30    31   36
30  31    36   61
30  31    56   61
30  35    36   61
30  35    60   61
30  55    60   61
30  55    56   61
55  56    61   86
55  56    81   86
55  60    61   86
55  60    85   86
55  80    85   86
55  80    81   86
80  81    86   111
80  81    106   111
80  85    86   111
80  85    110   111
80  105    110   111
80  105    106   111
105  106    111   136
105  106    131   136
105  110    111   136
105  110    135   136
105  130    135   136
105  130    131   136
10  11    16   41
10  11    36   41
10  15    16   41
10  15    40   41
10  35    40   41
10  35    36   41
35  36    41   66
35  36    61   66
35  40    41   66
35  40    65   66
35  60    65   66
35  60    61   66
60  61    66   91
60  61    86   91
60  65    66   91
60  65    90   91
60  85    90   91
60  85    86   91
85  86    91   116
85  86    111   116
85  90    91   116
85  90    115   116
85  110    115   116
85  110    111   116
110  111    116   141
110  111    136   141
110  115    116   141
110  115    140   141
110  135    140   141
110  135    136   141
15  16    21   46
15  16    41   46
15  20    21   46
15  20    45   46
15  40    45   46
15  40    41   46
40  41    46   71
40  41    66   71
40  45    46   71
40  45    70   71
40  65    70   71
40  65    66   71
65  66    71   96
65  66    91   96
65  70    71   96
65  70    95   96
65  90    95   96
65  90    91   96
90  91    96   121
90  91    116   121
90  95    96   121
90  95    120   121
90  115    120   121
90  115    116   121
115  116    121   146
115  116    141   146
115  120    121   146
115  120    145   146
115  140    145   146
115  140    141   146
1  2    7   32
1  2    27   32
1  6    7   32
1  6    31   32
1  26    31   32
1  26    27   32
26  27    32   57
26  27    52   57
26  31    32   57
26  31    56   57
26  51    56   57
26  51    52   57
51  52    57   82
51  52    77   82
51  56    57   82
51  56    81   82
51  76    81   82
51  76    77   82
76  77    82   107
76  77    102   107
76  81    82   107
76  81    106   107
76  101    106   107
76  101    102   107
101  102    107   132
101  102    127   132
101  106    107   132
101  106    131   132
101  126    131   132
101  126    127   132
6  7    12   37
6  7    32   37
6  11    12   37
6  11    36   37
6  31    36   37
6  31    32   37
31  32    37   62
31  32    57   62
31  36    37   62
31  36    61   62
31  56    61   62
31  56    57   62
56  57    62   87
56  57    82   87
56  61    62   87
56  61    86   87
56  81    86   87
56  81    82   87
81  82    87   112
81  82    107   112
81  86    87   112
81  86    111   112
81  106    111   112
81  106    107   112
106  107    112   137
106  107    132   137
106  111    112   137
106  111    136   137
106  131    136   137
106  131    132   137
11  12    17   42
11  12    37   42
11  16    17   42
11  16    41   42
11  36    41   42
11  36    37   42
36  37    42   67
36  37    62   67
36  41    42   67
36  41    66   67
36  61    66   67
36  61    62   67
61  62    67   92
61  62    87   92
61  66    67   92
61  66    91   92
61  86    91   92
61  86    87   92
86  87    92   117
86  87    112   117
86  91    92   117
86  91    116   117
86  111    116   117
86  111    112   117
111  112    117   142
111  112    137   142
111  116    117   142
111  116    141   142
111  136    141   142
111  136    137   142
16  17    22   47
16  17    42   47
16  21    22   47
16  21    46   47
16  41    46   47
16  41    42   47
41  42    47   72
41  42    67   72
41  46    47   72
41  46    71   72
41  66    71   72
41  66    67   72
66  67    72   97
66  67    92   97
66  71    72   97
66  71    96   97
66  91    96   97
66  91    92   97
91  92    97   122
91  92    117   122
91  96    97   122
91  96    121   122
91  116    121   122
91  116    117   122
116  117    122   147
116  117    142   147
116  121    122   147
116  121    146   147
116  141    146   147
116  141    142   147
2  3    8   33
2  3    28   33
2  7    8   33
2  7    32   33
2  27    32   33
2  27    28   33
27  28    33   58
27  28    53   58
27  32    33   58
27  32    57   58
27  52    57   58
27  52    53   58
52  53    58   83
52  53    78   83
52  57    58   83
52  57    82   83
52  77    82   83
52  77    78   83
77  78    83   108
77  78    103   108
77  82    83   108
77  82    107   108
77  102    107   108
77  102    103   108
102  103    108   133
102  103    128   133
102  107    108   133
102  107    132   133
102  127    132   133
102  127    128   133
7  8    13   38
7  8    33   38
7  12    13   38
7  12    37   38
7  32    37   38
7  32    33   38
32  33    38   63
32  33    58   63
32  37    38   63
32  37    62   63
32  57    62   63
32  57    58   63
57  58    63   88
57  58    83   88
57  62    63   88
57  62    87   88
57  82    87   88
57  82    83   88
82  83    88   113
82  83    108   113
82  87    88   113
82  87    112   113
82  107    112   113
82  107    108   113
107  108    113   138
107  108    133   138
107  112    113   138
107  112    137   138
107  132    137   138
107  132    133   138
12  13    18   43
12  13    38   43
12  17    18   43
12  17    42   43
12  37    42   43
12  37    38   43
37  38    43   68
37  38    63   68
37  42    43   68
37  42    67   68
37  62    67   68
37  62    63   68
62  63    68   93
62  63    88   93
62  67    68   93
62  67    92   93
62  87    92   93
62  87    88   93
87  88    93   118
87  88    113   118
87  92    93   118
87  92    117   118
87  112    117   118
87  112    113   118
112  113    118   143
112  113    138   143
112  117    118   143
112  117    142   143
112  137    142   143
112  137    138   143
17  18    23   48
17  18    43   48
17  22    23   48
17  22    47   48
17  42    47   48
17  42    43   48
42  43    48   73
42  43    68   73
42  47    48   73
42  47    72   73
42  67    72   73
42  67    68   73
67  68    73   98
67  68    93   98
67  72    73   98
67  72    97   98
67  92    97   98
67  92    93   98
92  93    98   123
92  93    118   123
92  97    98   123
92  97    122   123
92  117    122   123
92  117    118   123
117  118    123   148
117  118    143   148
117  122    123   148
117  122    147   148
117  142    147   148
117  142    143   148
3  4    9   34
3  4    29   34
3  8    9   34
3  8    33   34
3  28    33   34
3  28    29   34
28  29    34   59
28  29    54   59
28  33    34   59
28  33    58   59
28  53    58   59
28  53    54   59
53  54    59   84
53  54    79   84
53  58    59   84
53  58    83   84
53  78    83   84
53  78    79   84
78  79    84   109
78  79    104   109
78  83    84   109
78  83    108   109
78  103    108   109
78  103    104   109
103  104    109   134
103  104    129   134
103  108    109   134
103  108    133   134
103  128    133   134
103  128    129   134
8  9    14   39
8  9    34   39
8  13    14   39
8  13    38   39
8  33    38   39
8  33    34   39
33  34    39   64
33  34    59   64
33  38    39   64
33  38    63   64
33  58    63   64
33  58    59   64
58  59    64   89
58  59    84   89
58  63    64   89
58  63    88   89
58  83    88   89
58  83    84   89
83  84    89   114
83  84    109   114
83  88    89   114
83  88    113   114
83  108    113   114
83  108    109   114
108  109    114   139
108  109    134   139
108  113    114   139
108  113    138   139
108  133    138   139
108  133    134   139
13  14    19   44
13  14    39   44
13  18    19   44
13  18    43   44
13  38    43   44
13  38    39   44
38  39    44   69
38  39    64   69
38  43    44   69
38  43    68   69
38  63    68   69
38  63    64   69
63  64    69   94
63  64    89   94
63  68    69   94
63  68    93   94
63  88    93   94
63  88    89   94
88  89    94   119
88  89    114   119
88  93    94   119
88  93    118   119
88  113    118   119
88  113    114   119
113  114    119   144
113  114    139   144
113  118    119   144
113  118    143   144
113  138    143   144
113  138    139   144
18  19    24   49
18  19    44   49
18  23    24   49
18  23    48   49
18  43    48   49
18  43    44   49
43  44    49   74
43  44    69   74
43  48    49   74
43  48    73   74
43  68    73   74
43  68    69   74
68  69    74   99
68  69    94   99
68  73    74   99
68  73    98   99
68  93    98   99
68  93    94   99
93  94    99   124
93  94    119   124
93  98    99   124
93  98    123   124
93  118    123   124
93  118    119   124
118  119    124   149
118  119    144   149
118  123    124   149
118  123    148   149
118  143    148   149
118  143    144   149
c4n = 
0.000000000  0.000000000  0.000000000
0.000000000  0.000000000  1.000000000
0.000000000  0.000000000  2.000000000
0.000000000  0.000000000  3.000000000
0.000000000  0.000000000  4.000000000
0.000000000  1.000000000  0.000000000
0.000000000  1.000000000  1.000000000
0.000000000  1.000000000  2.000000000
0.000000000  1.000000000  3.000000000
0.000000000  1.000000000  4.000000000
0.000000000  2.000000000  0.000000000
0.000000000  2.000000000  1.000000000
0.000000000  2.000000000  2.000000000
0.000000000  2.000000000  3.000000000
0.000000000  2.000000000  4.000000000
0.000000000  3.000000000  0.000000000
0.000000000  3.000000000  1.000000000
0.000000000  3.000000000  2.000000000
0.000000000  3.000000000  3.000000000
0.000000000  3.000000000  4.000000000
0.000000000  4.000000000  0.000000000
0.000000000  4.000000000  1.000000000
0.000000000  4.000000000  2.000000000
0.000000000  4.000000000  3.000000000
0.000000000  4.000000000  4.000000000
1.000000000  0.000000000  0.000000000
1.000000000  0.000000000  1.000000000
1.000000000  0.000000000  2.000000000
1.000000000  0.000000000  3.000000000
1.000000000  0.000000000  4.000000000
1.000000000  1.000000000  0.000000000
1.000000000  1.000000000  1.000000000
1.000000000  1.000000000  2.000000000
1.000000000  1.000000000  3.000000000
1.000000000  1.000000000  4.000000000
1.000000000  2.000000000  0.000000000
1.000000000  2.000000000  1.000000000
1.000000000  2.000000000  2.000000000
1.000000000  2.000000000  3.000000000
1.000000000  2.000000000  4.000000000
1.000000000  3.000000000  0.000000000
1.000000000  3.000000000  1.000000000
1.000000000  3.000000000  2.000000000
1.000000000  3.000000000  3.000000000
1.000000000  3.000000000  4.000000000
1.000000000  4.000000000  0.000000000
1.000000000  4.000000000  1.000000000
1.000000000  4.000000000  2.000000000
1.000000000  4.000000000  3.000000000
1.000000000  4.000000000  4.000000000
2.000000000  0.000000000  0.000000000
2.000000000  0.000000000  1.000000000
2.000000000  0.000000000  2.000000000
2.000000000  0.000000000  3.000000000
2.000000000  0.000000000  4.000000000
2.000000000  1.000000000  0.000000000
2.000000000  1.000000000  1.000000000
2.000000000  1.000000000  2.000000000
2.000000000  1.000000000  3.000000000
2.000000000  1.000000000  4.000000000
2.000000000  2.000000000  0.000000000
2.000000000  2.000000000  1.000000000
2.000000000  2.000000000  2.000000000
2.000000000  2.000000000  3.000000000
2.000000000  2.000000000  4.000000000
2.000000000  3.000000000  0.000000000
2.000000000  3.000000000  1.000000000
2.000000000  3.000000000  2.000000000
2.000000000  3.000000000  3.000000000
2.000000000  3.000000000  4.000000000
2.000000000  4.000000000  0.000000000
2.000000000  4.000000000  1.000000000
2.000000000  4.000000000  2.000000000
2.000000000  4.000000000  3.000000000
2.000000000  4.000000000  4.000000000
3.000000000  0.000000000  0.000000000
3.000000000  0.000000000  1.000000000
3.000000000  0.000000000  2.000000000
3.000000000  0.000000000  3.000000000
3.000000000  0.000000000  4.000000000
3.000000000  1.000000000  0.000000000
3.000000000  1.000000000  1.000000000
3.000000000  1.000000000  2.000000000
3.000000000  1.000000000  3.000000000
3.000000000  1.000000000  4.000000000
3.000000000  2.000000000  0.000000000
3.000000000  2.000000000  1.000000000
3.000000000  2.000000000  2.000000000
3.000000000  2.000000000  3.000000000
3.000000000  2.000000000  4.000000000
3.000000000  3.000000000  0.000000000
3.000000000  3.000000000  1.000000000
3.000000000  3.000000000  2.000000000
3.000000000  3.000000000  3.000000000
3.000000000  3.000000000  4.000000000
3.000000000  4.000000000  0.000000000
3.000000000  4.000000000  1.000000000
3.000000000  4.000000000  2.000000000
3.000000000  4.000000000  3.000000000
3.000000000  4.000000000  4.000000000
4.000000000  0.000000000  0.000000000
4.000000000  0.000000000  1.000000000
4.000000000  0.000000000  2.000000000
4.000000000  0.000000000  3.000000000
4.000000000  0.000000000  4.000000000
4.000000000  1.000000000  0.000000000
4.000000000  1.000000000  1.000000000
4.000000000  1.000000000  2.000000000
4.000000000  1.000000000  3.000000000
4.000000000  1.000000000  4.000000000
4.000000000  2.000000000  0.000000000
4.000000000  2.000000000  1.000000000
4.000000000  2.000000000  2.000000000
4.000000000  2.000000000  3.000000000
4.000000000  2.000000000  4.000000000
4.000000000  3.000000000  0.000000000
4.000000000  3.000000000  1.000000000
4.000000000  3.000000000  2.000000000
4.000000000  3.000000000  3.000000000
4.000000000  3.000000000  4.000000000
4.000000000  4.000000000  0.000000000
4.000000000  4.000000000  1.000000000
4.000000000  4.000000000  2.000000000
4.000000000  4.000000000  3.000000000
4.000000000  4.000000000  4.000000000
5.000000000  0.000000000  0.000000000
5.000000000  0.000000000  1.000000000
5.000000000  0.000000000  2.000000000
5.000000000  0.000000000  3.000000000
5.000000000  0.000000000  4.000000000
5.000000000  1.000000000  0.000000000
5.000000000  1.000000000  1.000000000
5.000000000  1.000000000  2.000000000
5.000000000  1.000000000  3.000000000
5.000000000  1.000000000  4.000000000
5.000000000  2.000000000  0.000000000
5.000000000  2.000000000  1.000000000
5.000000000  2.000000000  2.000000000
5.000000000  2.000000000  3.000000000
5.000000000  2.000000000  4.000000000
5.000000000  3.000000000  0.000000000
5.000000000  3.000000000  1.000000000
5.000000000  3.000000000  2.000000000
5.000000000  3.000000000  3.000000000
5.000000000  3.000000000  4.000000000
5.000000000  4.000000000  0.000000000
5.000000000  4.000000000  1.000000000
5.000000000  4.000000000  2.000000000
5.000000000  4.000000000  3.000000000
5.000000000  4.000000000  4.000000000
