nE = 1080; nC = 294
n4e = 
0  1    8   57
0  1    50   57
0  7    8   57
0  7    56   57
0  49    56   57
0  49    50   57
49  50    57   106
49  50    99   106
49  56    57   106
49  56    105   106
49  98    105   106
49  98    99   106
98  99    106   155
98  99    148   155
98  105    106   155
98  105    154   155
98  147    154   155
98  147    148   155
147  148    155   204
147  148    197   204
147  154    155   204
147  154    203   204
147  196    203   204
147  196    197   204
196  197    204   253
196  197    246   253
196  203    204   253
196  203    252   253
196  245    252   253
196  245    246   253
7  8    15   64
7  8    57   64
7  14    15   64
7  14    63   64
7  56    63   64
7  56    57   64
56  57    64   113
56  57    106   113
56  63    64   113
56  63    112   113
56  105    112   113
56  105    106   113
105  106    113   162
105  106    155   162
105  112    113   162
105  112    161   162
105  154    161   162
105  154    155   162
154  155    162   211
154  155    204   211
154  161    162   211
154  161    210   211
154  203    210   211
154  203    204   211
203  204    211   260
203  204    253   260
203  210    211   260
203  210    259   260
203  252    259   260
203  252    253   260
14  15    22   71
14  15    64   71
14  21    22   71
14  21    70   71
14  63    70   71
14  63    64   71
63  64    71   120
63  64    113   120
63  70    71   120
63  70    119   120
63  112    119   120
63  112    113   120
112  113    120   169
112  113    162   169
112  119    120   169
112  119    168   169
112  161    168   169
112  161    162   169
161  162    169   218
161  162    211   218
161  168    169   218
161  168    217   218
161  210    217   218
161  210    211   218
210  211    218   267
210  211    260   267
210  217    218   267
210  217    266   267
210  259    266   267
210  259    260   267
21  22    29   78
21  22    71   78
21  28    29   78
21  28    77   78
21  70    77   78
21  70    71   78
70  71    78   127
70  71    120   127
70  77    78   127
70  77    126   127
70  119    126   127
70  119    120   127
119  120    127   176
119  120    169   176
119  126    127   176
119  126    175   176
119  168    175   176
119  168    169   176
168  169    176   225
168  169    218   225
168  175    176   225
168  175    224   225
168  217    224   225
168  217    218   225
217  218    225   274
217  218    267   274
217  224    225   274
217  224    273   274
217  266    273   274
217  266    267   274
28  29    36   85
28  29    78   85
28  35    36   85
28  35    84   85
28  77    84   85
28  77    78   85
77  78    85   134
77  78    127   134
77  84    85   134
77  84    133   134
77  126    133   134
77  126    127   134
126  127    134   183
126  127    176   183
126  133    134   183
126  133    182   183
126  175    182   183
126  175    176   183
175  176    183   232
175  176    225   232
175  182    183   232
175  182    231   232
175  224    231   232
175  224    225   232
224  225    232   281
224  225    274   281
224  231    232   281
224  231    280   281
224  273    280   281
224  273    274   281
35  36    43   92
35  36    85   92
35  42    43   92
35  42    91   92
35  84    91   92
35  84    85   92
84  85    92   141
84  85    134   141
84  91    92   141
84  91    140   141
84  133    140   141
84  133    134   141
133  134    141   190
133  134    183   190
133  140    141   190
133  140    189   190
133  182    189   190
133  182    183   190
182  183    190   239
182  183    232   239
182  189    190   239
182  189    238   239
182  231    238   239
182  231    232   239
231  232    239   288
231  232    281   288
231  238    239   288
231  238    287   288
231  280    287   288
231  280    281   288
1  2    9   58
1  2    51   58
1  8    9   58
1  8    57   58
1  50    57   58
1  50    51   58
50  51    58   107
50  51    100   107
50  57    58   107
50  57    106   107
50  99    106   107
50  99    100   107
99  100    107   156
99  100    149   156
99  106    107   156
99  106    155   156
99  148    155   156
99  148    149   156
148  149    156   205
148  149    198   205
148  155    156   205
148  155    204   205
148  197    204   205
148  197    198   205
197  198    205   254
197  198    247   254
197  204    205   254
197  204    253   254
197  246    253   254
197  246    247   254
8  9    16   65
8  9    58   65
8  15    16   65
8  15    64   65
8  57    64   65
8  57    58   65
57  58    65   114
57  58    107   114
57  64    65   114
57  64    113   114
57  106    113   114
57  106    107   114
106  107    114   163
106  107    156   163
106  113    114   163
106  113    162   163
106  155    162   163
106  155    156   163
155  156    163   212
155  156    205   212
155  162    163   212
155  162    211   212
155  204    211   212
155  204    205   212
204  205    212   261
204  205    254   261
204  211    212   261
204  211    260   261
204  253    260   261
204  253    254   261
15  16    23   72
15  16    65   72
15  22    23   72
15  22    71   72
15  64    71   72
15  64    65   72
64  65    72   121
64  65    114   121
64  71    72   121
64  71    120   121
64  113    120   121
64  113    114   121
113  114    121   170
113  114    163   170
113  120    121   170
113  120    169   170
113  162    169   170
113  162    163   170
162  163    170   219
162  163    212   219
162  169    170   219
162  169    218   219
162  211    218   219
162  211    212   219
211  212    219   268
211  212    261   268
211  218    219   268
211  218    267   268
211  260    267   268
211  260    261   268
22  23    30   79
22  23    72   79
22  29    30   79
22  29    78   79
22  71    78   79
22  71    72   79
71  72    79   128
71  72    121   128
71  78    79   128
71  78    127   128
71  120    127   128
71  120    121   128
120  121    128   177
120  121    170   177
120  127    128   177
120  127    176   177
120  169    176   177
120  169    170   177
169  170    177   226
169  170    219   226
169  176    177   226
169  176    225   226
169  218    225   226
169  218    219   226
218  219    226   275
218  219    268   275
218  225    226   275
218  225    274   275
218  267    274   275
218  267    268   275
29  30    37   86
29  30    79   86
29  36    37   86
29  36    85   86
29  78    85   86
29  78    79   86
78  79    86   135
78  79    128   135
78  85    86   135
78  85    134   135
78  127    134   135
78  127    128   135
127  128    135   184
127  128    177   184
127  134    135   184
127  134    183   184
127  176    183   184
127  176    177   184
176  177    184   233
176  177    226   233
176  183    184   233
176  183    232   233
176  225    232   233
176  225    226   233
225  226    233   282
225  226    275   282
225  232    233   282
225  232    281   282
225  274    281   282
225  274    275   282
36  37    44   93
36  37    86   93
36  43    44   93
36  43    92   93
36  85    92   93
36  85    86   93
85  86    93   142
85  86    135   142
85  92    93   142
85  92    141   142
85  134    141   142
85  134    135   142
134  135    142   191
134  135    184   191
134  141    142   191
134  141    190   191
134  183    190   191
134  183    184   191
183  184    191   240
183  184    233   240
183  190    191   240
183  190    239   240
183  232    239   240
183  232    233   240
232  233    240   289
232  233    282   289
232  239    240   289
232  239    288   289
232  281    288   289
232  281    282   289
2  3    10   59
2  3    52   59
2  9    10   59
2  9    58   59
2  51    58   59
2  51    52   59
51  52    59   108
51  52    101   108
51  58    59   108
51  58    107   108
51  100    107   108
51  100    101   108
100  101    108   157
100  101    150   157
100  107    108   157
100  107    156   157
100  149    156   157
100  149    150   157
149  150    157   206
149  150    199   206
149  156    157   206
149  156    205   206
149  198    205   206
149  198    199   206
198  199    206   255
198  199    248   255
198  205    206   255
198  205    254   255
198  247    254   255
198  247    248   255
9  10    17   66
9  10    59   66
9  16    17   66
9  16    65   66
9  58    65   66
9  58    59   66
58  59    66   115
58  59    108   115
58  65    66   115
58  65    114   115
58  107    114   115
58  107    108   115
107  108    115   164
107  108    157   164
107  114    115   164
107  114    163   164
107  156    163   164
107  156    157   164
156  157    164   213
156  157    206   213
156  163    164   213
156  163    212   213
156  205    212   213
156  205    206   213
205  206    213   262
205  206    255   262
205  212    213   262
205  212    261   262
205  254    261   262
205  254    255   262
16  17    24   73
16  17    66   73
16  23    24   73
16  23    72   73
16  65    72   73
16  65    66   73
65  66    73   122
65  66    115   122
65  72    73   122
65  72    121   122
65  114    121   122
65  114    115   122
114  115    122   171
114  115    164   171
114  121    122   171
114  121    170   171
114  163    170   171
114  163    164   171
163  164    171   220
163  164    213   220
163  170    171   220
163  170    219   220
163  212    219   220
163  212    213   220
212  213    220   269
212  213    262   269
212  219    220   269
212  219    268   269
212  261    268   269
212  261    262   269
23  24    31   80
23  24    73   80
23  30    31   80
23  30    79   80
23  72    79   80
23  72    73   80
72  73    80   129
72  73    122   129
72  79    80   129
72  79    128   129
72  121    128   129
72  121    122   129
121  122    129   178
121  122    171   178
121  128    129   178
121  128    177   178
121  170    177   178
121  170    171   178
170  171    178   227
170  171    220   227
170  177    178   227
170  177    226   227
170  219    226   227
170  219    220   227
219  220    227   276
219  220    269   276
219  226    227   276
219  226    275   276
219  268    275   276
219  268    269   276
30  31    38   87
30  31    80   87
30  37    38   87
30  37    86   87
30  79    86   87
30  79    80   87
79  80    87   136
79  80    129   136
79  86    87   136
79  86    135   136
79  128    135   136
79  128    129   136
128  129    136   185
128  129    178   185
128  135    136   185
128  135    184   185
128  177    184   185
128  177    178   185
177  178    185   234
177  178    227   234
177  184    185   234
177  184    233   234
177  226    233   234
177  226    227   234
226  227    234   283
226  227    276   283
226  233    234   283
226  233    282   283
226  275    282   283
226  275    276   283
37  38    45   94
37  38    87   94
37  44    45   94
37  44    93   94
37  86    93   94
37  86    87   94
86  87    94   143
86  87    136   143
86  93    94   143
86  93    142   143
86  135    142   143
86  135    136   143
135  136    143   192
135  136    185   192
135  142    143   192
135  142    191   192
135  184    191   192
135  184    185   192
184  185    192   241
184  185    234   241
184  191    192   241
184  191    240   241
184  233    240   241
184  233    234   241
233  234    241   290
233  234    283   290
233  240    241   290
233  240    289   290
233  282    289   290
233  282    283   290
3  4    11   60
3  4    53   60
3  10    11   60
3  10    59   60
3  52    59   60
3  52    53   60
52  53    60   109
52  53    102   109
52  59    60   109
52  59    108   109
52  101    108   109
52  101    102   109
101  102    109   158
101  102    151   158
101  108    109   158
101  108    157   158
101  150    157   158
101  150    151   158
150  151    158   207
150  151    200   207
150  157    158   207
150  157    206   207
150  199    206   207
150  199    200   207
199  200    207   256
199  200    249   256
199  206    207   256
199  206    255   256
199  248    255   256
199  248    249   256
10  11    18   67
10  11    60   67
10  17    18   67
10  17    66   67
10  59    66   67
10  59    60   67
59  60    67   116
59  60    109   116
59  66    67   116
59  66    115   116
59  108    115   116
59  108    109   116
108  109    116   165
108  109    158   165
108  115    116   165
108  115    164   165
108  157    164   165
108  157    158   165
157  158    165   214
157  158    207   214
157  164    165   214
157  164    213   214
157  206    213   214
157  206    207   214
206  207    214   263
206  207    256   263
206  213    214   263
206  213    262   263
206  255    262   263
206  255    256   263
17  18    25   74
17  18    67   74
17  24    25   74
17  24    73   74
17  66    73   74
17  66    67   74
66  67    74   123
66  67    116   123
66  73    74   123
66  73    122   123
66  115    122   123
66  115    116   123
115  116    123   172
115  116    165   172
115  122    123   172
115  122    171   172
115  164    171   172
115  164    165   172
164  165    172   221
164  165    214   221
164  171    172   221
164  171    220   221
164  213    220   221
164  213    214   221
213  214    221   270
213  214    263   270
213  220    221   270
213  220    269   270
213  262    269   270
213  262    263   270
24  25    32   81
24  25    74   81
24  31    32   81
24  31    80   81
24  73    80   81
24  73    74   81
73  74    81   130
73  74    123   130
73  80    81   130
73  80    129   130
73  122    129   130
73  122    123   130
122  123    130   179
122  123    172   179
122  129    130   179
122  129    178   179
122  171    178   179
122  171    172   179
171  172    179   228
171  172    221   228
171  178    179   228
171  178    227   228
171  220    227   228
171  220    221   228
220  221    228   277
220  221    270   277
220  227    228   277
220  227    276   277
220  269    276   277
220  269    270   277
31  32    39   88
31  32    81   88
31  38    39   88
31  38    87   88
31  80    87   88
31  80    81   88
80  81    88   137
80  81    130   137
80  87    88   137
80  87    136   137
80  129    136   137
80  129    130   137
129  130    137   186
129  130    179   186
129  136    137   186
129  136    185   186
129  178    185   186
129  178    179   186
178  179    186   235
178  179    228   235
178  185    186   235
178  185    234   235
178  227    234   235
178  227    228   235
227  228    235   284
227  228    277   284
227  234    235   284
227  234    283   284
227  276    283   284
227  276    277   284
38  39    46   95
38  39    88   95
38  45    46   95
38  45    94   95
38  87    94   95
38  87    88   95
87  88    95   144
87  88    137   144
87  94    95   144
87  94    143   144
87  136    143   144
87  136    137   144
136  137    144   193
136  137    186   193
136  143    144   193
136  143    192   193
136  185    192   193
136  185    186   193
185  186    193   242
185  186    235   242
185  192    193   242
185  192    241   242
185  234    241   242
185  234    235   242
234  235    242   291
234  235    284   291
234  241    242   291
234  241    290   291
234  283    290   291
234  283    284   291
4  5    12   61
4  5    54   61
4  11    12   61
4  11    60   61
4  53    60   61
4  53    54   61
53  54    61   110
53  54    103   110
53  60    61   110
53  60    109   110
53  102    109   110
53  102    103   110
102  103    110   159
102  103    152   159
102  109    110   159
102  109    158   159
102  151    158   159
102  151    152   159
151  152    159   208
151  152    201   208
151  158    159   208
151  158    207   208
151  200    207   208
151  200    201   208
200  201    208   257
200  201    250   257
200  207    208   257
200  207    256   257
200  249    256   257
200  249    250   257
11  12    19   68
11  12    61   68
11  18    19   68
11  18    67   68
11  60    67   68
11  60    61   68
60  61    68   117
60  61    110   117
60  67    68   117
60  67    116   117
60  109    116   117
60  109    110   117
109  110    117   166
109  110    159   166
109  116    117   166
109  116    165   166
109  158    165   166
109  158    159   166
158  159    166   215
158  159    208   215
158  165    166   215
158  165    214   215
158  207    214   215
158  207    208   215
207  208    215   264
207  208    257   264
207  214    215   264
207  214    263   264
207  256    263   264
207  256    257   264
18  19    26   75
18  19    68   75
18  25    26   75
18  25    74   75
18  67    74   75
18  67    68   75
67  68    75   124
67  68    117   124
67  74    75   124
67  74    123   124
67  116    123   124
67  116    117   124
116  117    124   173
116  117    166   173
116  123    124   173
116  123    172   173
116  165    172   173
116  165    166   173
165  166    173   222
165  166    215   222
165  172    173   222
165  172    221   222
165  214    221   222
165  214    215   222
214  215    222   271
214  215    264   271
214  221    222   271
214  221    270   271
214  263    270   271
214  263    264   271
25  26    33   82
25  26    75   82
25  32    33   82
25  32    81   82
25  74    81   82
25  74    75   82
74  75    82   131
74  75    124   131
74  81    82   131
74  81    130   131
74  123    130   131
74  123    124   131
123  124    131   180
123  124    173   180
123  130    131   180
123  130    179   180
123  172    179   180
123  172    173   180
172  173    180   229
172  173    222   229
172  179    180   229
172  179    228   229
172  221    228   229
172  221    222   229
221  222    229   278
221  222    271   278
221  228    229   278
221  228    277   278
221  270    277   278
221  270    271   278
32  33    40   89
32  33    82   89
32  39    40   89
32  39    88   89
32  81    88   89
32  81    82   89
81  82    89   138
81  82    131   138
81  88    89   138
81  88    137   138
81  130    137   138
81  130    131   138
130  131    138   187
130  131    180   187
130  137    138   187
130  137    186   187
130  179    186   187
130  179    180   187
179  180    187   236
179  180    229   236
179  186    187   236
179  186    235   236
179  228    235   236
179  228    229   236
228  229    236   285
228  229    278   285
228  235    236   285
228  235    284   285
228  277    284   285
228  277    278   285
39  40    47   96
39  40    89   96
39  46    47   96
39  46    95   96
39  88    95   96
39  88    89   96
88  89    96   145
88  89    138   145
88  95    96   145
88  95    144   145
88  137    144   145
88  137    138   145
137  138    145   194
137  138    187   194
137  144    145   194
137  144    193   194
137  186    193   194
137  186    187   194
186  187    194   243
186  187    236   243
186  193    194   243
186  193    242   243
186  235    242   243
186  235    236   243
235  236    243   292
235  236    285   292
235  242    243   292
235  242    291   292
235  284    291   292
235  284    285   292
5  6    13   62
5  6    55   62
5  12    13   62
5  12    61   62
5  54    61   62
5  54    55   62
54  55    62   111
54  55    104   111
54  61    62   111
54  61    110   111
54  103    110   111
54  103    104   111
103  104    111   160
103  104    153   160
103  110    111   160
103  110    159   160
103  152    159   160
103  152    153   160
152  153    160   209
152  153    202   209
152  159    160   209
152  159    208   209
152  201    208   209
152  201    202   209
201  202    209   258
201  202    251   258
201  208    209   258
201  208    257   258
201  250    257   258
201  250    251   258
12  13    20   69
12  13    62   69
12  19    20   69
12  19    68   69
12  61    68   69
12  61    62   69
61  62    69   118
61  62    111   118
61  68    69   118
61  68    117   118
61  110    117   118
61  110    111   118
110  111    118   167
110  111    160   167
110  117    118   167
110  117    166   167
110  159    166   167
110  159    160   167
159  160    167   216
159  160    209   216
159  166    167   216
159  166    215   216
159  208    215   216
159  208    209   216
208  209    216   265
208  209    258   265
208  215    216   265
208  215    264   265
208  257    264   265
208  257    258   265
19  20    27   76
19  20    69   76
19  26    27   76
19  26    75   76
19  68    75   76
19  68    69   76
68  69    76   125
68  69    118   125
68  75    76   125
68  75    124   125
68  117    124   125
68  117    118   125
117  118    125   174
117  118    167   174
117  124    125   174
117  124    173   174
117  166    173   174
117  166    167   174
166  167    174   223
166  167    216   223
166  173    174   223
166  173    222   223
166  215    222   223
166  215    216   223
215  216    223   272
215  216    265   272
215  222    223   272
215  222    271   272
215  264    271   272
215  264    265   272
26  27    34   83
26  27    76   83
26  33    34   83
26  33    82   83
26  75    82   83
26  75    76   83
75  76    83   132
75  76    125   132
75  82    83   132
75  82    131   132
75  124    131   132
75  124    125   132
124  125    132   181
124  125    174   181
124  131    132   181
124  131    180   181
124  173    180   181
124  173    174   181
173  174    181   230
173  174    223   230
173  180    181   230
173  180    229   230
173  222    229   230
173  222    223   230
222  223    230   279
222  223    272   279
222  229    230   279
222  229    278   279
222  271    278   279
222  271    272   279
33  34    41   90
33  34    83   90
33  40    41   90
33  40    89   90
33  82    89   90
33  82    83   90
82  83    90   139
82  83    132   139
82  89    90   139
82  89    138   139
82  131    138   139
82  131    132   139
131  132    139   188
131  132    181   188
131  138    139   188
131  138    187   188
131  180    187   188
131  180    181   188
180  181    188   237
180  181    230   237
180  187    188   237
180  187    236   237
180  229    236   237
180  229    230   237
229  230    237   286
229  230    279   286
229  236    237   286
229  236    285   286
229  278    285   286
229  278    279   286
40  41    48   97
40  41    90   97
40  47    48   97
40  47    96   97
40  89    96   97
40  89    90   97
89  90    97   146
89  90    139   146
89  96    97   146
89  96    145   146
89  138    145   146
89  138    139   146
138  139    146   195
138  139    188   195
138  145    146   195
138  145    194   195
138  187    194   195
138  187    188   195
187  188    195   244
187  188    237   244
187  194    195   244
187  194    243   244
187  236    243   244
187  236    237   244
236  237    244   293
236  237    286   293
236  243    244   293
236  243    292   293
236  285    292   293
236  285    286   293
c4n = 
0.000000000  0.000000000  0.000000000
0.000000000  0.000000000  1.000000000
0.000000000  0.000000000  2.000000000
0.000000000  0.000000000  3.000000000
0.000000000  0.000000000  4.000000000
0.000000000  0.000000000  5.000000000
0.000000000  0.000000000  6.000000000
0.000000000  1.000000000  0.000000000
0.000000000  1.000000000  1.000000000
0.000000000  1.000000000  2.000000000
0.000000000  1.000000000  3.000000000
0.000000000  1.000000000  4.000000000
0.000000000  1.000000000  5.000000000
0.000000000  1.000000000  6.000000000
0.000000000  2.000000000  0.000000000
0.000000000  2.000000000  1.000000000
0.000000000  2.000000000  2.000000000
0.000000000  2.000000000  3.000000000
0.000000000  2.000000000  4.000000000
0.000000000  2.000000000  5.000000000
0.000000000  2.000000000  6.000000000
0.000000000  3.000000000  0.000000000
0.000000000  3.000000000  1.000000000
0.000000000  3.000000000  2.000000000
0.000000000  3.000000000  3.000000000
0.000000000  3.000000000  4.000000000
0.000000000  3.000000000  5.000000000
0.000000000  3.000000000  6.000000000
0.000000000  4.000000000  0.000000000
0.000000000  4.000000000  1.000000000
0.000000000  4.000000000  2.000000000
0.000000000  4.000000000  3.000000000
0.000000000  4.000000000  4.000000000
0.000000000  4.000000000  5.000000000
0.000000000  4.000000000  6.000000000
0.000000000  5.000000000  0.000000000
0.000000000  5.000000000  1.000000000
0.000000000  5.000000000  2.000000000
0.000000000  5.000000000  3.000000000
0.000000000  5.000000000  4.000000000
0.000000000  5.000000000  5.000000000
0.000000000  5.000000000  6.000000000
0.000000000  6.000000000  0.000000000
0.000000000  6.000000000  1.000000000
0.000000000  6.000000000  2.000000000
0.000000000  6.000000000  3.000000000
0.000000000  6.000000000  4.000000000
0.000000000  6.000000000  5.000000000
0.000000000  6.000000000  6.000000000
1.000000000  0.000000000  0.000000000
1.000000000  0.000000000  1.000000000
1.000000000  0.000000000  2.000000000
1.000000000  0.000000000  3.000000000
1.000000000  0.000000000  4.000000000
1.000000000  0.000000000  5.000000000
1.000000000  0.000000000  6.000000000
1.000000000  1.000000000  0.000000000
1.000000000  1.000000000  1.000000000
1.000000000  1.000000000  2.000000000
1.000000000  1.000000000  3.000000000
1.000000000  1.000000000  4.000000000
1.000000000  1.000000000  5.000000000
1.000000000  1.000000000  6.000000000
1.000000000  2.000000000  0.000000000
1.000000000  2.000000000  1.000000000
1.000000000  2.000000000  2.000000000
1.000000000  2.000000000  3.000000000
1.000000000  2.000000000  4.000000000
1.000000000  2.000000000  5.000000000
1.000000000  2.000000000  6.000000000
1.000000000  3.000000000  0.000000000
1.000000000  3.000000000  1.000000000
1.000000000  3.000000000  2.000000000
1.000000000  3.000000000  3.000000000
1.000000000  3.000000000  4.000000000
1.000000000  3.000000000  5.000000000
1.000000000  3.000000000  6.000000000
1.000000000  4.000000000  0.000000000
1.000000000  4.000000000  1.000000000
1.000000000  4.000000000  2.000000000
1.000000000  4.000000000  3.000000000
1.000000000  4.000000000  4.000000000
1.000000000  4.000000000  5.000000000
1.000000000  4.000000000  6.000000000
1.000000000  5.000000000  0.000000000
1.000000000  5.000000000  1.000000000
1.000000000  5.000000000  2.000000000
1.000000000  5.000000000  3.000000000
1.000000000  5.000000000  4.000000000
1.000000000  5.000000000  5.000000000
1.000000000  5.000000000  6.000000000
1.000000000  6.000000000  0.000000000
1.000000000  6.000000000  1.000000000
1.000000000  6.000000000  2.000000000
1.000000000  6.000000000  3.000000000
1.000000000  6.000000000  4.000000000
1.000000000  6.000000000  5.000000000
1.000000000  6.000000000  6.000000000
2.000000000  0.000000000  0.000000000
2.000000000  0.000000000  1.000000000
2.000000000  0.000000000  2.000000000
2.000000000  0.000000000  3.000000000
2.000000000  0.000000000  4.000000000
2.000000000  0.000000000  5.000000000
2.000000000  0.000000000  6.000000000
2.000000000  1.000000000  0.000000000
2.000000000  1.000000000  1.000000000
2.000000000  1.000000000  2.000000000
2.000000000  1.000000000  3.000000000
2.000000000  1.000000000  4.000000000
2.000000000  1.000000000  5.000000000
2.000000000  1.000000000  6.000000000
2.000000000  2.000000000  0.000000000
2.000000000  2.000000000  1.000000000
2.000000000  2.000000000  2.000000000
2.000000000  2.000000000  3.000000000
2.000000000  2.000000000  4.000000000
2.000000000  2.000000000  5.000000000
2.000000000  2.000000000  6.000000000
2.000000000  3.000000000  0.000000000
2.000000000  3.000000000  1.000000000
2.000000000  3.000000000  2.000000000
2.000000000  3.000000000  3.000000000
2.000000000  3.000000000  4.000000000
2.000000000  3.000000000  5.000000000
2.000000000  3.000000000  6.000000000
2.000000000  4.000000000  0.000000000
2.000000000  4.000000000  1.000000000
2.000000000  4.000000000  2.000000000
2.000000000  4.000000000  3.000000000
2.000000000  4.000000000  4.000000000
2.000000000  4.000000000  5.000000000
2.000000000  4.000000000  6.000000000
2.000000000  5.000000000  0.000000000
2.000000000  5.000000000  1.000000000
2.000000000  5.000000000  2.000000000
2.000000000  5.000000000  3.000000000
2.000000000  5.000000000  4.000000000
2.000000000  5.000000000  5.000000000
2.000000000  5.000000000  6.000000000
2.000000000  6.000000000  0.000000000
2.000000000  6.000000000  1.000000000
2.000000000  6.000000000  2.000000000
2.000000000  6.000000000  3.000000000
2.000000000  6.000000000  4.000000000
2.000000000  6.000000000  5.000000000
2.000000000  6.000000000  6.000000000
3.000000000  0.000000000  0.000000000
3.000000000  0.000000000  1.000000000
3.000000000  0.000000000  2.000000000
3.000000000  0.000000000  3.000000000
3.000000000  0.000000000  4.000000000
3.000000000  0.000000000  5.000000000
3.000000000  0.000000000  6.000000000
3.000000000  1.000000000  0.000000000
3.000000000  1.000000000  1.000000000
3.000000000  1.000000000  2.000000000
3.000000000  1.000000000  3.000000000
3.000000000  1.000000000  4.000000000
3.000000000  1.000000000  5.000000000
3.000000000  1.000000000  6.000000000
3.000000000  2.000000000  0.000000000
3.000000000  2.000000000  1.000000000
3.000000000  2.000000000  2.000000000
3.000000000  2.000000000  3.000000000
3.000000000  2.000000000  4.000000000
3.000000000  2.000000000  5.000000000
3.000000000  2.000000000  6.000000000
3.000000000  3.000000000  0.000000000
3.000000000  3.000000000  1.000000000
3.000000000  3.000000000  2.000000000
3.000000000  3.000000000  3.000000000
3.000000000  3.000000000  4.000000000
3.000000000  3.000000000  5.000000000
3.000000000  3.000000000  6.000000000
3.000000000  4.000000000  0.000000000
3.000000000  4.000000000  1.000000000
3.000000000  4.000000000  2.000000000
3.000000000  4.000000000  3.000000000
3.000000000  4.000000000  4.000000000
3.000000000  4.000000000  5.000000000
3.000000000  4.000000000  6.000000000
3.000000000  5.000000000  0.000000000
3.000000000  5.000000000  1.000000000
3.000000000  5.000000000  2.000000000
3.000000000  5.000000000  3.000000000
3.000000000  5.000000000  4.000000000
3.000000000  5.000000000  5.000000000
3.000000000  5.000000000  6.000000000
3.000000000  6.000000000  0.000000000
3.000000000  6.000000000  1.000000000
3.000000000  6.000000000  2.000000000
3.000000000  6.000000000  3.000000000
3.000000000  6.000000000  4.000000000
3.000000000  6.000000000  5.000000000
3.000000000  6.000000000  6.000000000
4.000000000  0.000000000  0.000000000
4.000000000  0.000000000  1.000000000
4.000000000  0.000000000  2.000000000
4.000000000  0.000000000  3.000000000
4.000000000  0.000000000  4.000000000
4.000000000  0.000000000  5.000000000
4.000000000  0.000000000  6.000000000
4.000000000  1.000000000  0.000000000
4.000000000  1.000000000  1.000000000
4.000000000  1.000000000  2.000000000
4.000000000  1.000000000  3.000000000
4.000000000  1.000000000  4.000000000
4.000000000  1.000000000  5.000000000
4.000000000  1.000000000  6.000000000
4.000000000  2.000000000  0.000000000
4.000000000  2.000000000  1.000000000
4.000000000  2.000000000  2.000000000
4.000000000  2.000000000  3.000000000
4.000000000  2.000000000  4.000000000
4.000000000  2.000000000  5.000000000
4.000000000  2.000000000  6.000000000
4.000000000  3.000000000  0.000000000
4.000000000  3.000000000  1.000000000
4.000000000  3.000000000  2.000000000
4.000000000  3.000000000  3.000000000
4.000000000  3.000000000  4.000000000
4.000000000  3.000000000  5.000000000
4.000000000  3.000000000  6.000000000
4.000000000  4.000000000  0.000000000
4.000000000  4.000000000  1.000000000
4.000000000  4.000000000  2.000000000
4.000000000  4.000000000  3.000000000
4.000000000  4.000000000  4.000000000
4.000000000  4.000000000  5.000000000
4.000000000  4.000000000  6.000000000
4.000000000  5.000000000  0.000000000
4.000000000  5.000000000  1.000000000
4.000000000  5.000000000  2.000000000
4.000000000  5.000000000  3.000000000
4.000000000  5.000000000  4.000000000
4.000000000  5.000000000  5.000000000
4.000000000  5.000000000  6.000000000
4.000000000  6.000000000  0.000000000
4.000000000  6.000000000  1.000000000
4.000000000  6.000000000  2.000000000
4.000000000  6.000000000  3.000000000
4.000000000  6.000000000  4.000000000
4.000000000  6.000000000  5.000000000
4.000000000  6.000000000  6.000000000
5.000000000  0.000000000  0.000000000
5.000000000  0.000000000  1.000000000
5.000000000  0.000000000  2.000000000
5.000000000  0.000000000  3.000000000
5.000000000  0.000000000  4.000000000
5.000000000  0.000000000  5.000000000
5.000000000  0.000000000  6.000000000
5.000000000  1.000000000  0.000000000
5.000000000  1.000000000  1.000000000
5.000000000  1.000000000  2.000000000
5.000000000  1.000000000  3.000000000
5.000000000  1.000000000  4.000000000
5.000000000  1.000000000  5.000000000
5.000000000  1.000000000  6.000000000
5.000000000  2.000000000  0.000000000
5.000000000  2.000000000  1.000000000
5.000000000  2.000000000  2.000000000
5.000000000  2.000000000  3.000000000
5.000000000  2.000000000  4.000000000
5.000000000  2.000000000  5.000000000
5.000000000  2.000000000  6.000000000
5.000000000  3.000000000  0.000000000
5.000000000  3.000000000  1.000000000
5.000000000  3.000000000  2.000000000
5.000000000  3.000000000  3.000000000
5.000000000  3.000000000  4.000000000
5.000000000  3.000000000  5.000000000
5.000000000  3.000000000  6.000000000
5.000000000  4.000000000  0.000000000
5.000000000  4.000000000  1.000000000
5.000000000  4.000000000  2.000000000
5.000000000  4.000000000  3.000000000
5.000000000  4.000000000  4.000000000
5.000000000  4.000000000  5.000000000
5.000000000  4.000000000  6.000000000
5.000000000  5.000000000  0.000000000
5.000000000  5.000000000  1.000000000
5.000000000  5.000000000  2.000000000
5.000000000  5.000000000  3.000000000
5.000000000  5.000000000  4.000000000
5.000000000  5.000000000  5.000000000
5.000000000  5.000000000  6.000000000
5.000000000  6.000000000  0.000000000
5.000000000  6.000000000  1.000000000
5.000000000  6.000000000  2.000000000
5.000000000  6.000000000  3.000000000
5.000000000  6.000000000  4.000000000
5.000000000  6.000000000  5.000000000
5.000000000  6.000000000  6.000000000
