nE = 30; nC = 24
n4e = 
0  1    3   7
0  1    5   7
0  2    3   7
0  2    6   7
0  4    6   7
0  4    5   7
4  5    7   11
4  5    9   11
4  6    7   11
4  6    10   11
4  8    10   11
4  8    9   11
8  9    11   15
8  9    13   15
8  10    11   15
8  10    14   15
8  12    14   15
8  12    13   15
12  13    15   19
12  13    17   19
12  14    15   19
12  14    18   19
12  16    18   19
12  16    17   19
16  17    19   23
16  17    21   23
16  18    19   23
16  18    22   23
16  20    22   23
16  20    21   23
c4n = 
0.000000000  0.000000000  0.000000000
0.000000000  0.000000000  1.000000000
0.000000000  1.000000000  0.000000000
0.000000000  1.000000000  1.000000000
1.000000000  0.000000000  0.000000000
1.000000000  0.000000000  1.000000000
1.000000000  1.000000000  0.000000000
1.000000000  1.000000000  1.000000000
2.000000000  0.000000000  0.000000000
2.000000000  0.000000000  1.000000000
2.000000000  1.000000000  0.000000000
2.000000000  1.000000000  1.000000000
3.000000000  0.000000000  0.000000000
3.000000000  0.000000000  1.000000000
3.000000000  1.000000000  0.000000000
3.000000000  1.000000000  1.000000000
4.000000000  0.000000000  0.000000000
4.000000000  0.000000000  1.000000000
4.000000000  1.000000000  0.000000000
4.000000000  1.000000000  1.000000000
5.000000000  0.000000000  0.000000000
5.000000000  0.000000000  1.000000000
5.000000000  1.000000000  0.000000000
5.000000000  1.000000000  1.000000000
